real_image_id	pajek_image_id	subreddit_name	pajek_subreddit_id	number_of_upvotes	number_of_downvotes	total_votes	score
10809	51	funny	97	6854	5977	12831	877
10809	51	fffffffuuuuuuuuuuuu	94	50	37	87	13
10809	51	funny	97	1981	1267	3248	714
10809	51	funny	97	2246	1511	3757	735
10809	51	funny	97	1279	751	2030	528
10809	51	funny	97	22	8	30	14
10809	51	funny	97	4896	4114	9010	782
10809	51	funny	97	20	11	31	9
10809	51	funny	97	4962	4002	8964	960
10809	51	funny	97	8	6	14	2
10809	51	funny	97	6	6	12	0
10809	51	funny	97	20	8	28	12
10809	51	funny	97	11	6	17	5
10809	51	funny	97	20	11	31	9
10809	51	funny	97	167	46	213	121
10809	51	funny	97	32	8	40	24
10809	51	funny	97	17	16	33	1
10809	51	funny	97	24	15	39	9
10809	51	pics	112	25	10	35	15
10809	51	funny	97	85	28	113	57
10809	51	funny	97	57	13	70	44
10809	51	funny	97	11	8	19	3
10809	51	funny	97	1549	800	2349	749
10809	51	funny	97	14	14	28	0
10809	51	funny	97	44	14	58	30
10809	51	funny	97	5992	4560	10552	1432
10809	51	funny	97	20	13	33	7
10809	51	funny	97	15	9	24	6
10809	51	funny	97	18	9	27	9
10809	51	funny	97	52	17	69	35
10809	51	funny	97	7	12	19	-5
10809	51	funny	97	96	35	131	61
11017	52	funny	97	17872	16168	34040	1704
11017	52	GifSound	74	38	9	47	29
11017	52	gifs	100	42	19	61	23
11017	52	funny	97	23	4	27	19
11017	52	funny	97	64	18	82	46
11017	52	funny	97	17	5	22	12
11017	52	gifs	100	463	156	619	307
11017	52	gifs	100	42	22	64	20
11017	52	atheism	86	3850	2879	6729	971
11017	52	funny	97	19	4	23	15
11017	52	gifs	100	48	27	75	21
11017	52	gifs	100	202	100	302	102
11017	52	gifs	100	455	109	564	346
11017	52	funny	97	55	15	70	40
11017	52	funny	97	22	10	32	12
11017	52	funny	97	22	10	32	12
11017	52	gifs	100	340	101	441	239
11017	52	gifs	100	63	17	80	46
11017	52	atheism	86	3266	2128	5394	1138
11017	52	funny	97	10	8	18	2
11017	52	HIFW	75	120	6	126	114
11017	52	reactiongifs	115	226	40	266	186
11017	52	reactiongifs	115	24	8	32	16
11017	52	reactiongifs	115	55	14	69	41
11017	52	mw3	108	297	60	357	237
11017	52	gifs	100	8	13	21	-5
11017	52	chicago	91	431	145	576	286
11017	52	gifs	100	80	27	107	53
11017	52	LeagueOfMemes	77	175	20	195	155
11017	52	gifs	100	42	13	55	29
11017	52	funny	97	5	4	9	1
11017	52	funny	97	4	6	10	-2
1209	17	funny	97	296	82	378	214
1209	17	gifs	100	826	284	1110	542
1209	17	gifs	100	36	19	55	17
1209	17	funny	97	65	16	81	49
1209	17	GifSound	74	22	3	25	19
1209	17	GifSound	74	4	3	7	1
1209	17	funny	97	4	4	8	0
1209	17	funny	97	70	34	104	36
1209	17	GifSound	74	42	12	54	30
1209	17	GifSound	74	6	3	9	3
1209	17	GifSound	74	1	1	2	0
1209	17	GifSound	74	2	1	3	1
1209	17	GifSound	74	9	1	10	8
1209	17	GifSound	74	13	3	16	10
1209	17	GifSound	74	6	4	10	2
1209	17	trees	125	1072	284	1356	788
1209	17	funny	97	4	4	8	0
1209	17	gifs	100	61	24	85	37
1209	17	GifSound	74	11	5	16	6
1209	17	gifs	100	15	21	36	-6
1209	17	gifs	100	10	4	14	6
1209	17	funny	97	3430	2341	5771	1089
1209	17	GifSound	74	9	1	10	8
1209	17	GifSound	74	12	9	21	3
1209	17	GifSound	74	23	15	38	8
1209	17	GifSound	74	44	6	50	38
1209	17	GifSound	74	14	4	18	10
1209	17	GifSound	74	1	1	2	0
1209	17	gaming	98	88	32	120	56
1209	17	GifSound	74	1	0	1	1
1209	17	GifSound	74	6	10	16	-4
1209	17	funny	97	1398	754	2152	644
12182	53	funny	97	44	21	65	23
12182	53	funny	97	92	51	143	41
12182	53	gifs	100	1932	1211	3143	721
12182	53	funny	97	7	2	9	5
12182	53	funny	97	25	12	37	13
12182	53	atheism	86	24	26	50	-2
12182	53	WTF	85	205	68	273	137
12182	53	WTF	85	486	200	686	286
12182	53	GifSound	74	43	5	48	38
12182	53	funny	97	8	6	14	2
12182	53	funny	97	35	16	51	19
12182	53	GifSound	74	1	0	1	1
12182	53	GifSound	74	20	3	23	17
12182	53	funny	97	9	1	10	8
12182	53	funny	97	43	12	55	31
12182	53	funny	97	1243	652	1895	591
12182	53	funny	97	41	22	63	19
12182	53	WTF	85	7	8	15	-1
12182	53	funny	97	58	13	71	45
12182	53	WTF	85	1088	575	1663	513
12182	53	funny	97	50	11	61	39
12182	53	funny	97	9	12	21	-3
12182	53	GifSound	74	11	4	15	7
12182	53	gifs	100	61	28	89	33
12182	53	gifs	100	2	3	5	-1
12182	53	funny	97	4	4	8	0
12182	53	GifSound	74	13	4	17	9
12182	53	GifSound	74	34	2	36	32
12182	53	GifSound	74	12	3	15	9
12182	53	GifSound	74	11	2	13	9
12182	53	GifSound	74	4	3	7	1
12182	53	GifSound	74	2	1	3	1
12528	54	funny	97	29	17	46	12
12528	54	pics	112	81	39	120	42
12528	54	pics	112	746	483	1229	263
12528	54	pics	112	106	75	181	31
12528	54	funny	97	184	110	294	74
12528	54	funny	97	9240	8123	17363	1117
12528	54	reddit.com	116	234	114	348	120
12528	54	pics	112	7	4	11	3
12528	54	funny	97	22	11	33	11
12528	54	funny	97	15	10	25	5
12528	54	aww	87	3013	2083	5096	930
12528	54	funny	97	52	16	68	36
12528	54	funny	97	4137	3429	7566	708
12528	54	aww	87	94	12	106	82
12528	54	funny	97	21	15	36	6
12528	54	aww	87	63	53	116	10
12528	54	funny	97	6	3	9	3
12528	54	funny	97	29	14	43	15
12528	54	aww	87	10	6	16	4
12528	54	funny	97	5	4	9	1
12528	54	aww	87	14	2	16	12
12528	54	pics	112	3	5	8	-2
12528	54	funny	97	50	49	99	1
12528	54	funny	97	4	2	6	2
12528	54	funny	97	3924	2785	6709	1139
12528	54	pics	112	14	6	20	8
12528	54	funny	97	33	15	48	18
12528	54	aww	87	59	13	72	46
12528	54	funny	97	21	14	35	7
12528	54	pics	112	17	6	23	11
12528	54	funny	97	69	60	129	9
12528	54	funny	97	23	12	35	11
1310	18	WTF	85	40	39	79	1
1310	18	funny	97	42	26	68	16
1310	18	funny	97	37	34	71	3
1310	18	pics	112	74	30	104	44
1310	18	funny	97	140	51	191	89
1310	18	GifSound	74	19	9	28	10
1310	18	funny	97	27	18	45	9
1310	18	pics	112	55	47	102	8
1310	18	gifs	100	175	61	236	114
1310	18	funny	97	55	25	80	30
1310	18	gifs	100	90	59	149	31
1310	18	gifs	100	56	27	83	29
1310	18	funny	97	7	1	8	6
1310	18	gifs	100	32	18	50	14
1310	18	GifSound	74	3	10	13	-7
1310	18	funny	97	36	34	70	2
1310	18	funny	97	51	14	65	37
1310	18	gif	99	177	69	246	108
1310	18	GifSound	74	16	5	21	11
1310	18	gif	99	72	21	93	51
1310	18	WTF	85	48	28	76	20
1310	18	GifSound	74	10	6	16	4
1310	18	GifSound	74	7	7	14	0
1310	18	GifSound	74	3	7	10	-4
1310	18	GifSound	74	12	3	15	9
1310	18	funny	97	14	10	24	4
1310	18	funny	97	1145	712	1857	433
1310	18	GifSound	74	24	6	30	18
1310	18	gifs	100	117	50	167	67
1310	18	GifSound	74	1	3	4	-2
1310	18	gifs	100	38	15	53	23
1310	18	WTF	85	425	265	690	160
1310	18	gifs	100	3	5	8	-2
1310	18	funny	97	82	37	119	45
1310	18	WTF	85	4	8	12	-4
1310	18	funny	97	16	13	29	3
1310	18	funny	97	566	344	910	222
1310	18	funny	97	7	5	12	2
1310	18	gif	99	11	14	25	-3
1310	18	gifs	100	26	13	39	13
1310	18	funny	97	149	51	200	98
1310	18	funny	97	14	12	26	2
1310	18	funny	97	16	11	27	5
1310	18	gifs	100	13	22	35	-9
1310	18	gifs	100	145	62	207	83
1310	18	funny	97	14	9	23	5
1310	18	funny	97	2	2	4	0
1310	18	GifSound	74	13	8	21	5
1310	18	funny	97	13	11	24	2
1310	18	GifSound	74	5	0	5	5
1310	18	gifs	100	112	50	162	62
1310	18	WTF	85	9	8	17	1
1310	18	gifs	100	82	39	121	43
1310	18	funny	97	10	4	14	6
1310	18	funny	97	1	2	3	-1
1310	18	funny	97	1	1	2	0
1310	18	funny	97	97	42	139	55
1310	18	funny	97	3	2	5	1
1310	18	GifSound	74	3	8	11	-5
1310	18	GifSound	74	5	3	8	2
1310	18	funny	97	13774	12337	26111	1437
1310	18	GifSound	74	1	5	6	-4
1310	18	GifSound	74	5	5	10	0
1310	18	GifSound	74	4	4	8	0
1310	18	GifSound	74	4	1	5	3
1310	18	GifSound	74	3	3	6	0
1310	18	GifSound	74	66	17	83	49
1310	18	GifSound	74	8	3	11	5
1310	18	GifSound	74	4	3	7	1
1310	18	GifSound	74	8	6	14	2
1310	18	GifSound	74	2	3	5	-1
1310	18	GifSound	74	9	4	13	5
1310	18	GifSound	74	12	5	17	7
1310	18	GifSound	74	4	3	7	1
1310	18	GifSound	74	1	3	4	-2
1310	18	GifSound	74	5	5	10	0
1310	18	funny	97	4	4	8	0
1310	18	funny	97	7	6	13	1
1310	18	reactiongifs	115	142	21	163	121
1310	18	GifSound	74	2	5	7	-3
1310	18	GifSound	74	1	0	1	1
1310	18	reactiongifs	115	346	73	419	273
1310	18	GifSound	74	6	4	10	2
1310	18	gifs	100	19	18	37	1
1310	18	funny	97	69	39	108	30
15050	55	Anarchism	68	635	181	816	454
15050	55	funny	97	13669	12087	25756	1582
15050	55	WTF	85	4212	3586	7798	626
15050	55	funny	97	4	4	8	0
15050	55	WTF	85	4	5	9	-1
15050	55	funny	97	8	10	18	-2
15050	55	funny	97	12	19	31	-7
15050	55	WTF	85	28	27	55	1
15050	55	funny	97	30	11	41	19
15050	55	WTF	85	6	6	12	0
15050	55	pics	112	8	7	15	1
15050	55	WTF	85	422	212	634	210
15050	55	WTF	85	5	11	16	-6
15050	55	WTF	85	13	10	23	3
15050	55	WTF	85	31	19	50	12
15050	55	funny	97	11	6	17	5
15050	55	WTF	85	5	9	14	-4
15050	55	funny	97	7	8	15	-1
15050	55	funny	97	18	13	31	5
15050	55	WTF	85	8	5	13	3
15050	55	WTF	85	107	49	156	58
15050	55	funny	97	6	7	13	-1
15050	55	funny	97	4	3	7	1
15050	55	funny	97	20	11	31	9
15050	55	WTF	85	20	11	31	9
15050	55	funny	97	427	209	636	218
15050	55	funny	97	85	42	127	43
15050	55	funny	97	36	25	61	11
15050	55	funny	97	7	4	11	3
15050	55	funny	97	1	4	5	-3
15050	55	funny	97	15	12	27	3
15050	55	WTF	85	51	30	81	21
15050	55	funny	97	6	3	9	3
15050	55	funny	97	35	18	53	17
15050	55	funny	97	2	3	5	-1
15050	55	WTF	85	1743	1071	2814	672
15050	55	WTF	85	62	37	99	25
15050	55	funny	97	75	24	99	51
15050	55	funny	97	6	6	12	0
15050	55	WTF	85	2046	1184	3230	862
15050	55	WTF	85	9	18	27	-9
15050	55	WTF	85	31	23	54	8
15050	55	funny	97	117	52	169	65
15050	55	WTF	85	30	26	56	4
15050	55	WTF	85	8	7	15	1
15214	56	funny	97	6944	5883	12827	1061
15214	56	trees	125	533	291	824	242
15214	56	pics	112	349	180	529	169
15214	56	india	102	29	9	38	20
15214	56	AdviceAnimals	66	25	10	35	15
15214	56	funny	97	42	28	70	14
15214	56	funny	97	25	13	38	12
15214	56	funny	97	36	13	49	23
15214	56	AdviceAnimals	66	228	104	332	124
15214	56	funny	97	32	15	47	17
15214	56	funny	97	983	497	1480	486
15214	56	AdviceAnimals	66	50	14	64	36
15214	56	AdviceAnimals	66	317	95	412	222
15214	56	AdviceAnimals	66	382	180	562	202
15214	56	AdviceAnimals	66	5995	5310	11305	685
15214	56	funny	97	61	31	92	30
15214	56	AdviceAnimals	66	45	9	54	36
15214	56	WTF	85	139	81	220	58
15214	56	AdviceAnimals	66	75	52	127	23
15214	56	funny	97	21	5	26	16
15214	56	atheism	86	61	12	73	49
15214	56	funny	97	32	20	52	12
15214	56	funny	97	17	8	25	9
15214	56	atheism	86	38	12	50	26
15214	56	funny	97	21	11	32	10
15214	56	AdviceAnimals	66	4119	3163	7282	956
15214	56	atheism	86	104	29	133	75
15214	56	atheism	86	204	69	273	135
15214	56	funny	97	12	3	15	9
15214	56	funny	97	18	5	23	13
15214	56	pics	112	17	6	23	11
15214	56	funny	97	20	8	28	12
15214	56	AdviceAnimals	66	37	7	44	30
15214	56	AdviceAnimals	66	106	17	123	89
15214	56	gaming	98	9	11	20	-2
15214	56	funny	97	7	11	18	-4
15214	56	funny	97	10	9	19	1
15214	56	funny	97	15	8	23	7
15214	56	atheism	86	4566	3485	8051	1081
15214	56	funny	97	7	2	9	5
15214	56	funny	97	18	10	28	8
15214	56	funny	97	6	3	9	3
15214	56	AdviceAnimals	66	55	7	62	48
15214	56	pics	112	4	4	8	0
15214	56	pics	112	5	6	11	-1
15214	56	funny	97	7	9	16	-2
15214	56	pics	112	6	7	13	-1
15214	56	funny	97	9	2	11	7
15214	56	funny	97	15	5	20	10
15214	56	pics	112	13	4	17	9
15214	56	atheism	86	15	7	22	8
15214	56	AdviceAnimals	66	41	11	52	30
15214	56	AdviceAnimals	66	144	21	165	123
15214	56	funny	97	7	7	14	0
15214	56	funny	97	9	5	14	4
15214	56	funny	97	7	3	10	4
15214	56	gaming	98	6	7	13	-1
15214	56	funny	97	8	6	14	2
15214	56	atheism	86	4	9	13	-5
15214	56	funny	97	2	4	6	-2
15214	56	pics	112	3	6	9	-3
15214	56	funny	97	11	8	19	3
15214	56	teenagers	123	324	51	375	273
15214	56	gaming	98	10	10	20	0
15214	56	funny	97	9	6	15	3
15214	56	funny	97	4	13	17	-9
15214	56	funny	97	26	23	49	3
15214	56	pics	112	15	11	26	4
15214	56	AdviceAnimals	66	21	7	28	14
15214	56	pics	112	1	1	2	0
15214	56	funny	97	5	5	10	0
15214	56	gaming	98	7	9	16	-2
15214	56	AdviceAnimals	66	264	39	303	225
15214	56	funny	97	4	5	9	-1
15214	56	pics	112	17	12	29	5
15214	56	AdviceAnimals	66	118	49	167	69
15214	56	funny	97	3	4	7	-1
15214	56	funny	97	3	8	11	-5
15214	56	funny	97	7	7	14	0
15214	56	funny	97	8	11	19	-3
15214	56	funny	97	4	3	7	1
15214	56	funny	97	11	6	17	5
15214	56	toosoon	124	372	82	454	290
15214	56	funny	97	2	2	4	0
15214	56	funny	97	3	1	4	2
15214	56	funny	97	2	3	5	-1
15214	56	funny	97	5	8	13	-3
15214	56	funny	97	15	13	28	2
15639	57	WTF	85	2349	1688	4037	661
15639	57	pics	112	3774	2879	6653	895
15639	57	pics	112	22	11	33	11
15639	57	funny	97	7226	6143	13369	1083
15639	57	WTF	85	7	6	13	1
15639	57	WTF	85	7	10	17	-3
15639	57	WTF	85	70	38	108	32
15639	57	pics	112	396	268	664	128
15639	57	WTF	85	7	9	16	-2
15639	57	WTF	85	105	51	156	54
15639	57	pics	112	18	8	26	10
15639	57	pics	112	31	16	47	15
15639	57	funny	97	97	28	125	69
15639	57	WTF	85	135	56	191	79
15639	57	WTF	85	14	5	19	9
15639	57	funny	97	12	6	18	6
15639	57	WTF	85	77	51	128	26
15639	57	funny	97	3	8	11	-5
15639	57	funny	97	4	3	7	1
15639	57	pics	112	2	6	8	-4
15639	57	WTF	85	52	33	85	19
15639	57	funny	97	30	23	53	7
15639	57	WTF	85	36	25	61	11
15639	57	WTF	85	54	25	79	29
15639	57	funny	97	7	6	13	1
15639	57	funny	97	8	9	17	-1
15639	57	WTF	85	102	66	168	36
15639	57	funny	97	309	95	404	214
15639	57	funny	97	19	7	26	12
15639	57	WTF	85	8	7	15	1
15639	57	funny	97	4688	3722	8410	966
15639	57	funny	97	23	18	41	5
15639	57	funny	97	4	9	13	-5
15639	57	WTF	85	7	10	17	-3
15639	57	funny	97	45	21	66	24
15639	57	funny	97	4	7	11	-3
15639	57	funny	97	12	10	22	2
15639	57	funny	97	1	8	9	-7
15639	57	funny	97	9	14	23	-5
15639	57	WTF	85	57	29	86	28
15639	57	funny	97	25	19	44	6
15639	57	funny	97	8	15	23	-7
15639	57	funny	97	11	5	16	6
15639	57	pics	112	14	3	17	11
15639	57	WTF	85	22	16	38	6
15639	57	WTF	85	105	41	146	64
1773	19	pics	112	30	7	37	23
1773	19	funny	97	6120	5033	11153	1087
1773	19	gifs	100	500	343	843	157
1773	19	funny	97	4	5	9	-1
1773	19	funny	97	9298	8116	17414	1182
1773	19	trees	125	38	10	48	28
1773	19	occupywallstreet	110	16	8	24	8
1773	19	funny	97	17	7	24	10
1773	19	funny	97	599	457	1056	142
1773	19	gif	99	46	17	63	29
1773	19	WTF	85	21	9	30	12
1773	19	funny	97	173	70	243	103
1773	19	gifs	100	154	63	217	91
1773	19	funny	97	5382	4552	9934	830
1773	19	funny	97	74	53	127	21
1773	19	funny	97	4827	3782	8609	1045
1773	19	gifs	100	167	48	215	119
1773	19	funny	97	18	10	28	8
1773	19	funny	97	23	9	32	14
1773	19	gifs	100	47	15	62	32
1773	19	funny	97	845	394	1239	451
1773	19	gifs	100	69	18	87	51
1773	19	funny	97	18	12	30	6
1773	19	reactiongifs	115	564	145	709	419
1773	19	gifs	100	50	16	66	34
1773	19	gifs	100	82	43	125	39
1773	19	funny	97	54	22	76	32
1773	19	gifs	100	41	15	56	26
1773	19	gifs	100	44	26	70	18
1773	19	gifs	100	61	24	85	37
1773	19	funny	97	7	10	17	-3
1773	19	gifs	100	49	31	80	18
1773	19	funny	97	7681	6667	14348	1014
1773	19	gifs	100	2	5	7	-3
1773	19	funny	97	15	5	20	10
1773	19	gifs	100	80	22	102	58
1773	19	funny	97	4	2	6	2
1773	19	funny	97	416	172	588	244
1773	19	funny	97	21	8	29	13
1773	19	funny	97	3	7	10	-4
1773	19	funny	97	6	5	11	1
1773	19	funny	97	5	9	14	-4
1773	19	atheism	86	18	9	27	9
1773	19	funny	97	8	10	18	-2
1773	19	funny	97	13	4	17	9
1773	19	pics	112	12	15	27	-3
1773	19	funny	97	10	6	16	4
1773	19	funny	97	10	3	13	7
1773	19	reactiongifs	115	685	148	833	537
1773	19	ForeverAlone	70	578	97	675	481
1773	19	funny	97	6	5	11	1
1773	19	funny	97	7	7	14	0
1773	19	gaming	98	9	9	18	0
1773	19	funny	97	30	14	44	16
1773	19	funny	97	33	13	46	20
1773	19	funny	97	6	3	9	3
1773	19	funny	97	252	48	300	204
1773	19	pokemon	114	251	51	302	200
1773	19	gifs	100	78	41	119	37
1773	19	reactiongifs	115	45	15	60	30
1773	19	gifs	100	21	11	32	10
1773	19	gifs	100	12	14	26	-2
1773	19	funny	97	3	9	12	-6
1773	19	reactiongifs	115	306	74	380	232
1773	19	funny	97	7	5	12	2
1773	19	gifs	100	9	9	18	0
1773	19	funny	97	4	4	8	0
1773	19	funny	97	6	5	11	1
1773	19	gifs	100	90	28	118	62
1773	19	gaming	98	2	7	9	-5
1773	19	funny	97	7	4	11	3
1773	19	funny	97	7	2	9	5
1773	19	gifs	100	3	3	6	0
1981	20	WTF	85	3132	2224	5356	908
1981	20	WTF	85	7	13	20	-6
1981	20	WTF	85	3	8	11	-5
1981	20	WTF	85	15	10	25	5
1981	20	WTF	85	2	7	9	-5
1981	20	WTF	85	49	39	88	10
1981	20	WTF	85	30	34	64	-4
1981	20	WTF	85	22	26	48	-4
1981	20	WTF	85	575	421	996	154
1981	20	WTF	85	51	39	90	12
1981	20	WTF	85	60	45	105	15
1981	20	WTF	85	4	7	11	-3
1981	20	WTF	85	5	8	13	-3
1981	20	WTF	85	66	35	101	31
1981	20	WTF	85	3	5	8	-2
1981	20	WTF	85	281	191	472	90
1981	20	WTF	85	70	64	134	6
1981	20	WTF	85	6	11	17	-5
1981	20	WTF	85	15	18	33	-3
1981	20	WTF	85	61	50	111	11
1981	20	WTF	85	70	59	129	11
1981	20	WTF	85	206	156	362	50
1981	20	WTF	85	93	66	159	27
1981	20	WTF	85	31	19	50	12
1981	20	WTF	85	65	53	118	12
1981	20	WTF	85	9	13	22	-4
1981	20	WTF	85	17	22	39	-5
1981	20	WTF	85	33	38	71	-5
1981	20	WTF	85	7	6	13	1
1981	20	WTF	85	36	37	73	-1
1981	20	WTF	85	134	92	226	42
1981	20	WTF	85	29	31	60	-2
1981	20	WTF	85	5	8	13	-3
1981	20	WTF	85	7	10	17	-3
1981	20	WTF	85	6	11	17	-5
1981	20	WTF	85	50	48	98	2
1981	20	funny	97	13	11	24	2
1981	20	WTF	85	4	9	13	-5
1981	20	pics	112	4	10	14	-6
1981	20	WTF	85	8	12	20	-4
1981	20	WTF	85	5	10	15	-5
1981	20	WTF	85	11	17	28	-6
1981	20	WTF	85	29	16	45	13
1981	20	WTF	85	45	41	86	4
1981	20	WTF	85	55	47	102	8
1981	20	WTF	85	5	6	11	-1
1981	20	funny	97	4	8	12	-4
1981	20	WTF	85	5	7	12	-2
1981	20	WTF	85	9	11	20	-2
1981	20	WTF	85	109	112	221	-3
1981	20	WTF	85	9	14	23	-5
1981	20	WTF	85	20	24	44	-4
1981	20	WTF	85	4	4	8	0
1981	20	WTF	85	14	15	29	-1
1981	20	WTF	85	24	14	38	10
1981	20	WTF	85	4	7	11	-3
1981	20	WTF	85	2	4	6	-2
1981	20	WTF	85	4	9	13	-5
1981	20	WTF	85	5	11	16	-6
1987	21	pics	112	35	14	49	21
1987	21	funny	97	69	53	122	16
1987	21	funny	97	151	90	241	61
1987	21	trees	125	91	28	119	63
1987	21	gifs	100	177	78	255	99
1987	21	gifs	100	47	18	65	29
1987	21	WTF	85	4237	3889	8126	348
1987	21	funny	97	56	14	70	42
1987	21	pics	112	4851	3781	8632	1070
1987	21	gif	99	48	18	66	30
1987	21	gifs	100	156	103	259	53
1987	21	funny	97	32	12	44	20
1987	21	gifs	100	3906	2794	6700	1112
1987	21	funny	97	17	3	20	14
1987	21	funny	97	2177	1335	3512	842
1987	21	funny	97	4	4	8	0
1987	21	gaming	98	99	57	156	42
1987	21	gifs	100	102	27	129	75
1987	21	funny	97	10	7	17	3
1987	21	funny	97	268	97	365	171
1987	21	funny	97	11	1	12	10
1987	21	gifs	100	14	9	23	5
1987	21	funny	97	29	6	35	23
1987	21	funny	97	5	10	15	-5
1987	21	gifs	100	38	16	54	22
1987	21	funny	97	6	5	11	1
1987	21	pics	112	5	6	11	-1
1987	21	funny	97	9	1	10	8
1987	21	funny	97	6	8	14	-2
1987	21	GifSound	74	1	3	4	-2
1987	21	funny	97	1	6	7	-5
1987	21	gifs	100	11	5	16	6
1987	21	gifs	100	4	8	12	-4
1987	21	gifs	100	10	2	12	8
1987	21	gifs	100	6	5	11	1
1987	21	funny	97	6	11	17	-5
1987	21	funny	97	15	11	26	4
1987	21	funny	97	8	5	13	3
1987	21	funny	97	451	184	635	267
1987	21	gifs	100	9	14	23	-5
1987	21	pics	112	4	5	9	-1
1987	21	gifs	100	14	16	30	-2
1987	21	funny	97	5	5	10	0
1987	21	gaming	98	3	14	17	-11
1987	21	gifs	100	1	0	1	1
2062	22	funny	97	2	0	2	2
2062	22	GifSound	74	124	14	138	110
2062	22	GifSound	74	9	5	14	4
2062	22	GifSound	74	8	1	9	7
2062	22	GifSound	74	24	2	26	22
2062	22	GifSound	74	4	3	7	1
2062	22	reactiongifs	115	389	55	444	334
2062	22	gifs	100	141	26	167	115
2062	22	GifSound	74	40	13	53	27
2062	22	GifSound	74	121	24	145	97
2062	22	GifSound	74	72	17	89	55
2062	22	batman	89	13	6	19	7
2062	22	GifSound	74	29	5	34	24
2062	22	GifSound	74	14	4	18	10
2062	22	GifSound	74	7	5	12	2
2062	22	GifSound	74	1	0	1	1
2062	22	GifSound	74	1	1	2	0
2062	22	GifSound	74	3	9	12	-6
2062	22	GifSound	74	7	9	16	-2
2062	22	funny	97	15	23	38	-8
2062	22	GifSound	74	7	4	11	3
2062	22	GifSound	74	9	2	11	7
2062	22	GifSound	74	23	5	28	18
2062	22	funny	97	4276	3052	7328	1224
2062	22	GifSound	74	5	5	10	0
2062	22	GifSound	74	123	23	146	100
2062	22	GifSound	74	8	7	15	1
2062	22	funny	97	7	5	12	2
2062	22	GifSound	74	5	8	13	-3
2062	22	GifSound	74	5	7	12	-2
2062	22	GifSound	74	2	6	8	-4
2062	22	GifSound	74	3	5	8	-2
2062	22	funny	97	2	3	5	-1
2062	22	GifSound	74	56	11	67	45
2062	22	GifSound	74	4	12	16	-8
2062	22	GifSound	74	19	9	28	10
2062	22	gifs	100	48	36	84	12
2062	22	GifSound	74	35	14	49	21
2062	22	GifSound	74	2	8	10	-6
2062	22	GifSound	74	1006	193	1199	813
2062	22	GifSound	74	1	2	3	-1
2062	22	GifSound	74	3	2	5	1
2062	22	GifSound	74	2	2	4	0
2062	22	GifSound	74	1	2	3	-1
2062	22	GifSound	74	1	3	4	-2
2062	22	GifSound	74	1	4	5	-3
2062	22	GifSound	74	3	1	4	2
2062	22	GifSound	74	4	7	11	-3
2062	22	GifSound	74	1	5	6	-4
2062	22	pics	112	4	1	5	3
2062	22	GifSound	74	2	4	6	-2
2062	22	GifSound	74	1	4	5	-3
2062	22	funny	97	4	1	5	3
2062	22	GifSound	74	8	6	14	2
2062	22	GifSound	74	3	4	7	-1
2062	22	GifSound	74	3	5	8	-2
2062	22	GifSound	74	5	7	12	-2
2062	22	batman	89	4	8	12	-4
2062	22	GifSound	74	1	6	7	-5
2062	22	GifSound	74	1	3	4	-2
2062	22	GifSound	74	1	4	5	-3
2062	22	GifSound	74	1	2	3	-1
2062	22	GifSound	74	3	5	8	-2
2062	22	GifSound	74	1	1	2	0
2062	22	GifSound	74	2	4	6	-2
2062	22	GifSound	74	1	0	1	1
2062	22	musicgifstation	107	9	1	10	8
2062	22	GifSound	74	1	0	1	1
2062	22	GifSound	74	1	3	4	-2
2062	22	GifSound	74	1	3	4	-2
2062	22	GifSound	74	6	4	10	2
2062	22	GifSound	74	3	8	11	-5
2062	22	gifs	100	0	5	5	-5
2062	22	GifSound	74	1	2	3	-1
2062	22	funny	97	6	7	13	-1
2081	23	WTF	85	177	115	292	62
2081	23	gifs	100	56	34	90	22
2081	23	WTF	85	85	57	142	28
2081	23	gifs	100	12	17	29	-5
2081	23	gifs	100	752	340	1092	412
2081	23	WTF	85	27	19	46	8
2081	23	WTF	85	250	107	357	143
2081	23	WTF	85	121	69	190	52
2081	23	gaming	98	21	11	32	10
2081	23	WTF	85	30	20	50	10
2081	23	WTF	85	3	2	5	1
2081	23	WTF	85	135	90	225	45
2081	23	WTF	85	25	13	38	12
2081	23	WTF	85	12	13	25	-1
2081	23	WTF	85	163	70	233	93
2081	23	gifs	100	95	54	149	41
2081	23	WTF	85	48	35	83	13
2081	23	funny	97	13	6	19	7
2081	23	gif	99	128	51	179	77
2081	23	WTF	85	21	16	37	5
2081	23	WTF	85	34	25	59	9
2081	23	WTF	85	1539	916	2455	623
2081	23	WTF	85	13	19	32	-6
2081	23	WTF	85	22	15	37	7
2081	23	WTF	85	32	17	49	15
2081	23	WTF	85	2	8	10	-6
2081	23	WTF	85	2	2	4	0
2081	23	WTF	85	5	5	10	0
2081	23	WTF	85	270	135	405	135
2081	23	gifs	100	38	21	59	17
2081	23	funny	97	40	15	55	25
2081	23	funny	97	20	10	30	10
2081	23	gifs	100	52	21	73	31
2081	23	WTF	85	200	125	325	75
2081	23	WTF	85	44	31	75	13
2081	23	WTF	85	368	159	527	209
2081	23	WTF	85	532	324	856	208
2081	23	funny	97	2	6	8	-4
2081	23	WTF	85	46	33	79	13
2081	23	funny	97	4	10	14	-6
2081	23	funny	97	10	14	24	-4
2081	23	WTF	85	119	95	214	24
2081	23	funny	97	4	5	9	-1
2081	23	funny	97	3	7	10	-4
2081	23	gaming	98	17	13	30	4
2081	23	WTF	85	12	19	31	-7
2093	24	funny	97	10388	8855	19243	1533
2093	24	pics	112	2	2	4	0
2093	24	funny	97	5	9	14	-4
2093	24	funny	97	7	11	18	-4
2093	24	funny	97	1	8	9	-7
2093	24	WTF	85	13	16	29	-3
2093	24	funny	97	7	13	20	-6
2093	24	funny	97	4	8	12	-4
2093	24	funny	97	1	7	8	-6
2093	24	funny	97	7	12	19	-5
2093	24	funny	97	15	21	36	-6
2093	24	WTF	85	1	8	9	-7
2093	24	funny	97	14	19	33	-5
2093	24	funny	97	16	21	37	-5
2093	24	WTF	85	3	8	11	-5
2093	24	pics	112	4	8	12	-4
2093	24	WTF	85	22	18	40	4
2093	24	pics	112	4	4	8	0
2093	24	WTF	85	7	9	16	-2
2093	24	funny	97	5	12	17	-7
2093	24	funny	97	6	8	14	-2
2093	24	pics	112	14	19	33	-5
2093	24	funny	97	6	9	15	-3
2093	24	funny	97	11	12	23	-1
2093	24	pics	112	10	13	23	-3
2093	24	WTF	85	5	8	13	-3
2093	24	funny	97	3	4	7	-1
2093	24	WTF	85	4	2	6	2
2093	24	funny	97	7	6	13	1
2093	24	pics	112	5	7	12	-2
2093	24	funny	97	6	4	10	2
2093	24	pics	112	7	6	13	1
2093	24	WTF	85	26	16	42	10
2093	24	WTF	85	3	5	8	-2
2093	24	funny	97	3	8	11	-5
2093	24	pics	112	5	5	10	0
2093	24	WTF	85	21	26	47	-5
2093	24	funny	97	2	2	4	0
2093	24	pics	112	5	5	10	0
2093	24	funny	97	17	24	41	-7
2093	24	WTF	85	6	9	15	-3
2093	24	WTF	85	6	11	17	-5
2093	24	WTF	85	10	16	26	-6
2093	24	funny	97	14	4	18	10
2093	24	funny	97	6	7	13	-1
2093	24	pics	112	0	3	3	-3
24859	58	funny	97	12521	10820	23341	1701
24859	58	funny	97	41	12	53	29
24859	58	funny	97	29	15	44	14
24859	58	funny	97	54	6	60	48
24859	58	funny	97	64	12	76	52
24869	59	funny	97	28	6	34	22
24869	59	funny	97	8	2	10	6
24869	59	gifs	100	14	11	25	3
24869	59	gifs	100	17	6	23	11
24869	59	gifs	100	6	5	11	1
24880	60	pics	112	25	8	33	17
24880	60	pics	112	114	51	165	63
24880	60	pics	112	14	2	16	12
24880	60	funny	97	29	12	41	17
24880	60	pics	112	14	1	15	13
24886	61	pics	112	32	23	55	9
24886	61	pics	112	431	247	678	184
24886	61	BotanicalPorn	69	92	5	97	87
24886	61	pics	112	114	24	138	90
24886	61	pics	112	6	2	8	4
24891	62	pics	112	19	2	21	17
24891	62	pics	112	306	196	502	110
24891	62	pics	112	43	22	65	21
24891	62	funny	97	68	19	87	49
24891	62	funny	97	6	2	8	4
24893	63	pics	112	221	94	315	127
24893	63	pics	112	91	39	130	52
24893	63	pics	112	16	5	21	11
24893	63	pics	112	13	2	15	11
24893	63	pics	112	4	0	4	4
249	1	pics	112	10473	8347	18820	2126
249	1	funny	97	330	254	584	76
249	1	funny	97	42	13	55	29
249	1	funny	97	12502	11226	23728	1276
249	1	pics	112	56	12	68	44
24904	64	gifs	100	74	43	117	31
24904	64	gifs	100	217	81	298	136
24904	64	gifs	100	65	23	88	42
24904	64	gifs	100	51	30	81	21
24904	64	GifSound	74	15	8	23	7
2497	25	reddit.com	116	178	88	266	90
2497	25	aww	87	17	5	22	12
2497	25	aww	87	62	13	75	49
2497	25	aww	87	4	0	4	4
2497	25	aww	87	18	3	21	15
25012	65	pics	112	1163	623	1786	540
25012	65	awwwtf	88	306	14	320	292
25012	65	funny	97	8075	6612	14687	1463
25012	65	pics	112	20	8	28	12
25012	65	funny	97	8	3	11	5
2521	26	funny	97	9345	8301	17646	1044
2521	26	funny	97	7	12	19	-5
2521	26	funny	97	276	68	344	208
2521	26	gifs	100	1478	690	2168	788
2521	26	aww	87	4	2	6	2
2521	26	reactiongifs	115	956	449	1405	507
2521	26	trees	125	1902	819	2721	1083
2521	26	funny	97	21	10	31	11
2521	26	funny	97	16	6	22	10
2521	26	funny	97	9	15	24	-6
2521	26	gifs	100	1738	691	2429	1047
2521	26	gifs	100	606	218	824	388
2521	26	reactiongifs	115	521	78	599	443
2521	26	reactiongifs	115	404	49	453	355
2521	26	gifs	100	3	8	11	-5
2521	26	funny	97	3	3	6	0
2521	26	funny	97	26	13	39	13
2521	26	funny	97	2779	1795	4574	984
2521	26	funny	97	34	14	48	20
2521	26	funny	97	2	8	10	-6
2521	26	gifs	100	2306	1157	3463	1149
2521	26	funny	97	4	5	9	-1
2521	26	gifs	100	4	10	14	-6
2521	26	gifs	100	86	21	107	65
2521	26	gifs	100	156	80	236	76
2521	26	funny	97	3	4	7	-1
2521	26	gaming	98	6	13	19	-7
2521	26	funny	97	9	8	17	1
2521	26	funny	97	3	4	7	-1
2521	26	funny	97	20	13	33	7
2521	26	funny	97	4	4	8	0
2521	26	gifs	100	176	95	271	81
2521	26	funny	97	47	20	67	27
2521	26	reactiongifs	115	61	3	64	58
2521	26	funny	97	10	6	16	4
2521	26	reactiongifs	115	5484	3646	9130	1838
2521	26	funny	97	13	7	20	6
2521	26	gifs	100	23	13	36	10
2521	26	funny	97	7	1	8	6
2521	26	funny	97	7	5	12	2
2521	26	gifs	100	22	18	40	4
2521	26	funny	97	211	97	308	114
2521	26	trees	125	1723	558	2281	1165
2521	26	reactiongifs	115	4255	2303	6558	1952
2521	26	funny	97	8	9	17	-1
2521	26	funny	97	12717	10978	23695	1739
2521	26	gifs	100	10	11	21	-1
2521	26	funny	97	8	7	15	1
2521	26	funny	97	8	6	14	2
2521	26	gif	99	127	63	190	64
2521	26	funny	97	10	8	18	2
2521	26	funny	97	11	5	16	6
2521	26	funny	97	3	2	5	1
2521	26	gifs	100	2	4	6	-2
2521	26	funny	97	9068	7636	16704	1432
2521	26	funny	97	10	16	26	-6
2521	26	gifs	100	378	189	567	189
2521	26	gaming	98	94	53	147	41
2521	26	gifs	100	16	17	33	-1
2521	26	gifs	100	7	9	16	-2
2521	26	gif	99	23	9	32	14
2521	26	funny	97	20	16	36	4
2521	26	funny	97	7	16	23	-9
2521	26	gifs	100	84	51	135	33
2521	26	funny	97	1	1	2	0
2521	26	gaming	98	5	10	15	-5
2521	26	funny	97	26	20	46	6
2521	26	funny	97	5	7	12	-2
2521	26	reactiongifs	115	755	128	883	627
2521	26	funny	97	7	9	16	-2
2521	26	funny	97	147	72	219	75
253	2	funny	97	5633	4993	10626	640
253	2	gifs	100	835	410	1245	425
253	2	gifs	100	461	146	607	315
253	2	funny	97	11424	10077	21501	1347
253	2	funny	97	19	5	24	14
253	2	atheism	86	20	6	26	14
253	2	funny	97	3	8	11	-5
253	2	funny	97	4906	3810	8716	1096
253	2	reactiongifs	115	1206	361	1567	845
253	2	funny	97	29	9	38	20
253	2	gifs	100	147	57	204	90
253	2	reactiongifs	115	1034	386	1420	648
253	2	gifs	100	208	66	274	142
253	2	drunk	93	595	85	680	510
253	2	gif	99	1	3	4	-2
253	2	gifs	100	5	6	11	-1
253	2	gifs	100	5452	3809	9261	1643
253	2	atheism	86	9	7	16	2
253	2	funny	97	4072	3058	7130	1014
253	2	funny	97	12	17	29	-5
253	2	funny	97	6	6	12	0
253	2	funny	97	12	4	16	8
253	2	funny	97	6	9	15	-3
253	2	funny	97	10	6	16	4
253	2	funny	97	604	210	814	394
253	2	funny	97	3280	2517	5797	763
253	2	funny	97	4	5	9	-1
253	2	gaming	98	12	11	23	1
253	2	gifs	100	2864	1554	4418	1310
253	2	funny	97	6	6	12	0
253	2	gifs	100	9	15	24	-6
253	2	pics	112	46	43	89	3
253	2	funny	97	3	4	7	-1
253	2	funny	97	74	38	112	36
253	2	gifs	100	27	24	51	3
253	2	reactiongifs	115	106	41	147	65
253	2	gifs	100	10	14	24	-4
253	2	funny	97	154	37	191	117
253	2	funny	97	9	22	31	-13
253	2	gifs	100	169	85	254	84
253	2	funny	97	1590	1039	2629	551
253	2	NobodyCaresApostolate	80	253	53	306	200
253	2	gifs	100	31	41	72	-10
253	2	gifs	100	8	12	20	-4
253	2	funny	97	14	5	19	9
253	2	pics	112	3	3	6	0
253	2	funny	97	3	5	8	-2
253	2	funny	97	3	8	11	-5
253	2	gifs	100	8	20	28	-12
253	2	funny	97	2	1	3	1
253	2	funny	97	2	4	6	-2
253	2	funny	97	5	7	12	-2
253	2	gifs	100	89	35	124	54
253	2	gaming	98	7	9	16	-2
253	2	funny	97	8	14	22	-6
253	2	funny	97	81	41	122	40
253	2	funny	97	21	16	37	5
253	2	funny	97	3	6	9	-3
280	3	AdviceAnimals	66	6626	4967	11593	1659
280	3	funny	97	4	4	8	0
280	3	funny	97	7	1	8	6
280	3	gaming	98	3	7	10	-4
280	3	funny	97	10	12	22	-2
280	3	funny	97	5	8	13	-3
280	3	AdviceAnimals	66	27565	25461	53026	2104
280	3	funny	97	8	10	18	-2
280	3	AdviceAnimals	66	243	66	309	177
280	3	funny	97	7	0	7	7
280	3	aww	87	3	5	8	-2
280	3	funny	97	11	16	27	-5
280	3	pics	112	4	2	6	2
280	3	funny	97	2	6	8	-4
280	3	funny	97	4	10	14	-6
280	3	funny	97	30	17	47	13
280	3	funny	97	11	4	15	7
280	3	funny	97	10	7	17	3
280	3	gaming	98	2	7	9	-5
280	3	funny	97	3	3	6	0
280	3	AdviceAnimals	66	119	26	145	93
280	3	pics	112	3	10	13	-7
280	3	funny	97	3	5	8	-2
280	3	funny	97	10	7	17	3
280	3	funny	97	1	7	8	-6
280	3	funny	97	8	3	11	5
280	3	funny	97	3	2	5	1
280	3	AdviceAnimals	66	136	22	158	114
280	3	funny	97	23	19	42	4
280	3	pics	112	6	7	13	-1
280	3	funny	97	21	17	38	4
280	3	funny	97	53	22	75	31
280	3	funny	97	21	7	28	14
280	3	funny	97	6	5	11	1
280	3	funny	97	8	6	14	2
280	3	funny	97	2	8	10	-6
280	3	funny	97	8	12	20	-4
280	3	pics	112	12	10	22	2
280	3	gaming	98	23	3	26	20
280	3	AdviceAnimals	66	15022	13078	28100	1944
280	3	GetMotivated	73	145	20	165	125
280	3	funny	97	606	197	803	409
280	3	funny	97	6	5	11	1
280	3	funny	97	10	16	26	-6
280	3	AdviceAnimals	66	2366	1543	3909	823
280	3	funny	97	10	16	26	-6
280	3	AdviceAnimals	66	976	295	1271	681
280	3	funny	97	2	4	6	-2
280	3	funny	97	5	11	16	-6
280	3	pics	112	4	4	8	0
280	3	funny	97	11	8	19	3
280	3	gaming	98	8	10	18	-2
280	3	AdviceAnimals	66	44	37	81	7
280	3	funny	97	4	1	5	3
280	3	pics	112	4	5	9	-1
280	3	funny	97	11	8	19	3
280	3	funny	97	6	5	11	1
280	3	funny	97	15	12	27	3
280	3	funny	97	8	11	19	-3
280	3	funny	97	1	6	7	-5
280	3	funny	97	4	4	8	0
280	3	pics	112	3	3	6	0
280	3	funny	97	30	67	97	-37
280	3	funny	97	20	18	38	2
280	3	funny	97	11	5	16	6
280	3	pics	112	39	20	59	19
280	3	funny	97	6	11	17	-5
280	3	AdviceAnimals	66	9323	7617	16940	1706
280	3	funny	97	35	12	47	23
280	3	funny	97	17	11	28	6
280	3	funny	97	12	8	20	4
280	3	funny	97	5	4	9	1
280	3	funny	97	1	4	5	-3
280	3	funny	97	18	6	24	12
280	3	funny	97	9	5	14	4
2885	27	pics	112	4254	2528	6782	1726
2885	27	pics	112	28	18	46	10
2885	27	pics	112	41	36	77	5
2885	27	funny	97	77	71	148	6
2885	27	pics	112	44	32	76	12
2885	27	funny	97	66	53	119	13
2885	27	pics	112	64	57	121	7
2885	27	pics	112	10	13	23	-3
2885	27	funny	97	10	13	23	-3
2885	27	pics	112	42	30	72	12
2885	27	pics	112	54	29	83	25
2885	27	funny	97	1028	766	1794	262
2885	27	aww	87	2339	1863	4202	476
2885	27	pics	112	8	9	17	-1
2885	27	aww	87	16	11	27	5
2885	27	funny	97	65	17	82	48
2885	27	aww	87	2	7	9	-5
2885	27	pics	112	6	9	15	-3
2885	27	pics	112	35	22	57	13
2885	27	aww	87	14	12	26	2
2885	27	pics	112	1158	645	1803	513
2885	27	pics	112	71	60	131	11
2885	27	aww	87	42	30	72	12
2885	27	aww	87	76	28	104	48
2885	27	aww	87	68	53	121	15
2885	27	pics	112	6	6	12	0
2885	27	aww	87	56	21	77	35
2885	27	aww	87	12	8	20	4
2885	27	aww	87	18	12	30	6
2885	27	pics	112	16	3	19	13
2885	27	aww	87	195	76	271	119
2885	27	aww	87	144	110	254	34
2885	27	funny	97	8	12	20	-4
2885	27	funny	97	3868	3319	7187	549
2885	27	pics	112	301	197	498	104
2885	27	aww	87	32	13	45	19
2885	27	WTF	85	81	40	121	41
2885	27	funny	97	5	3	8	2
2885	27	funny	97	35	20	55	15
2885	27	aww	87	23	9	32	14
2885	27	funny	97	7	4	11	3
2885	27	aww	87	12	2	14	10
2885	27	pics	112	40	30	70	10
2885	27	aww	87	111	58	169	53
2885	27	pics	112	8	11	19	-3
2885	27	pics	112	15	11	26	4
2885	27	aww	87	9	5	14	4
2885	27	pics	112	6	12	18	-6
2885	27	pics	112	6	8	14	-2
2885	27	aww	87	457	198	655	259
2885	27	aww	87	798	473	1271	325
2885	27	aww	87	21	12	33	9
2885	27	aww	87	6	3	9	3
2885	27	funny	97	10	11	21	-1
2885	27	funny	97	4247	3720	7967	527
2885	27	aww	87	10	9	19	1
2885	27	pics	112	41	24	65	17
2885	27	aww	87	1	1	2	0
2885	27	funny	97	23	19	42	4
2885	27	funny	97	10	5	15	5
2885	27	funny	97	20	14	34	6
2885	27	aww	87	53	27	80	26
2885	27	aww	87	9	8	17	1
2885	27	aww	87	146	74	220	72
2885	27	pics	112	14	12	26	2
2885	27	aww	87	22	19	41	3
2885	27	aww	87	31	23	54	8
2885	27	aww	87	29	14	43	15
2885	27	aww	87	6	3	9	3
2885	27	aww	87	12	4	16	8
2885	27	aww	87	47	21	68	26
2885	27	funny	97	391	139	530	252
289	4	pics	112	17	8	25	9
289	4	funny	97	10	15	25	-5
289	4	reddit.com	116	17	10	27	7
289	4	pics	112	30	10	40	20
289	4	pics	112	16	9	25	7
289	4	funny	97	4	3	7	1
289	4	gifs	100	1	0	1	1
289	4	gifs	100	2	1	3	1
289	4	funny	97	147	79	226	68
289	4	gifs	100	1	1	2	0
289	4	WTF	85	27	17	44	10
289	4	trees	125	3	6	9	-3
289	4	atheism	86	38	10	48	28
289	4	gifs	100	125	80	205	45
289	4	WTF	85	4	7	11	-3
289	4	WTF	85	10	6	16	4
289	4	gifs	100	71	44	115	27
289	4	atheism	86	566	265	831	301
289	4	gifs	100	698	247	945	451
289	4	pics	112	17	6	23	11
289	4	reactiongifs	115	519	81	600	438
289	4	pics	112	10	13	23	-3
289	4	gifs	100	48	22	70	26
289	4	gifs	100	10	11	21	-1
289	4	gifs	100	5	10	15	-5
289	4	gifs	100	101	55	156	46
289	4	funny	97	4	2	6	2
289	4	funny	97	2	6	8	-4
289	4	funny	97	7	7	14	0
289	4	funny	97	434	308	742	126
289	4	picsource	113	1	1	2	0
289	4	GifSound	74	5	1	6	4
289	4	GifSound	74	26	9	35	17
289	4	pics	112	8	5	13	3
289	4	gaming	98	11	8	19	3
289	4	funny	97	51	14	65	37
289	4	funny	97	6	11	17	-5
289	4	GifSound	74	22	5	27	17
289	4	GifSound	74	28	3	31	25
289	4	funny	97	5	9	14	-4
289	4	gifs	100	14	20	34	-6
289	4	funny	97	4	8	12	-4
289	4	funny	97	18	14	32	4
289	4	funny	97	4	7	11	-3
289	4	gaming	98	5	3	8	2
289	4	gaming	98	17	10	27	7
289	4	funny	97	15	5	20	10
289	4	funny	97	6	11	17	-5
289	4	gifs	100	80	38	118	42
289	4	gifs	100	4	9	13	-5
289	4	funny	97	2	6	8	-4
289	4	pics	112	4	1	5	3
289	4	gaming	98	12	4	16	8
289	4	gifs	100	9	12	21	-3
289	4	gifs	100	20	21	41	-1
289	4	gifs	100	4	9	13	-5
289	4	funny	97	8	8	16	0
289	4	funny	97	154	45	199	109
289	4	funny	97	8	10	18	-2
289	4	funny	97	20	17	37	3
289	4	GifSound	74	4	4	8	0
289	4	gifs	100	7	13	20	-6
289	4	reactiongifs	115	18	12	30	6
289	4	reactiongifs	115	5565	3812	9377	1753
289	4	gifs	100	3	7	10	-4
289	4	gifs	100	29	20	49	9
289	4	funny	97	6	2	8	4
289	4	funny	97	10	9	19	1
289	4	funny	97	9	16	25	-7
289	4	gaming	98	2	7	9	-5
289	4	gifs	100	7	3	10	4
289	4	gifs	100	121	74	195	47
289	4	GifSound	74	5	4	9	1
289	4	GifSound	74	2	2	4	0
289	4	pics	112	4	8	12	-4
289	4	GifSound	74	1	0	1	1
289	4	GifSound	74	5	7	12	-2
289	4	GifSound	74	6	5	11	1
289	4	funny	97	33	8	41	25
289	4	funny	97	4	5	9	-1
289	4	gifs	100	7	9	16	-2
289	4	gifs	100	91	48	139	43
289	4	gif	99	16	15	31	1
289	4	TimAndEric	83	28	13	41	15
289	4	GifSound	74	1	4	5	-3
289	4	funny	97	4	5	9	-1
2939	28	funny	97	6	9	15	-3
2939	28	pics	112	3	3	6	0
2939	28	funny	97	9	21	30	-12
2939	28	funny	97	7	12	19	-5
2939	28	funny	97	7	9	16	-2
2939	28	funny	97	12	12	24	0
2939	28	funny	97	16	24	40	-8
2939	28	funny	97	10	16	26	-6
2939	28	pics	112	15	17	32	-2
2939	28	funny	97	4	12	16	-8
2939	28	funny	97	9	12	21	-3
2939	28	reddit.com	116	32	37	69	-5
2939	28	pics	112	35	29	64	6
2939	28	funny	97	5	7	12	-2
2939	28	funny	97	6	11	17	-5
2939	28	TrollingAnimals	84	332	52	384	280
2939	28	WTF	85	2679	2365	5044	314
2939	28	funny	97	97	86	183	11
2939	28	pics	112	13	22	35	-9
2939	28	funny	97	6	10	16	-4
2939	28	funny	97	9	16	25	-7
2939	28	funny	97	9	11	20	-2
2939	28	funny	97	7423	6817	14240	606
2939	28	WTF	85	9	10	19	-1
2939	28	funny	97	18	20	38	-2
2939	28	funny	97	6805	6009	12814	796
2939	28	funny	97	3	4	7	-1
2939	28	funny	97	48	11	59	37
2939	28	funny	97	33	8	41	25
2939	28	funny	97	1937	1281	3218	656
2939	28	funny	97	5444	4804	10248	640
2939	28	funny	97	16	8	24	8
2939	28	funny	97	13	7	20	6
2939	28	funny	97	9632	8912	18544	720
2939	28	funny	97	55	31	86	24
2939	28	funny	97	6	5	11	1
2939	28	funny	97	14	8	22	6
2939	28	WTF	85	105	105	210	0
2939	28	funny	97	7	13	20	-6
2939	28	funny	97	2	5	7	-3
2939	28	funny	97	13	8	21	5
2939	28	funny	97	1	11	12	-10
2939	28	funny	97	8	12	20	-4
2939	28	funny	97	191	64	255	127
2939	28	funny	97	11	7	18	4
2939	28	funny	97	7	10	17	-3
2939	28	funny	97	5	11	16	-6
2939	28	funny	97	14	12	26	2
2939	28	funny	97	53	63	116	-10
2939	28	funny	97	3	7	10	-4
2939	28	funny	97	13	7	20	6
2939	28	funny	97	7	12	19	-5
2939	28	funny	97	14	18	32	-4
2939	28	funny	97	1564	1053	2617	511
2939	28	funny	97	16	19	35	-3
2939	28	funny	97	3	11	14	-8
2939	28	funny	97	5	8	13	-3
2939	28	funny	97	3	3	6	0
2939	28	funny	97	3	8	11	-5
3025	29	reddit.com	116	25	7	32	18
3025	29	WTF	85	31	19	50	12
3025	29	WTF	85	14	3	17	11
3025	29	pics	112	63	25	88	38
3025	29	pics	112	65	29	94	36
3025	29	reddit.com	116	75	59	134	16
3025	29	funny	97	33	14	47	19
3025	29	funny	97	85	47	132	38
3025	29	funny	97	43	23	66	20
3025	29	WTF	85	110	64	174	46
3025	29	reddit.com	116	258	221	479	37
3025	29	funny	97	4018	3380	7398	638
3025	29	pics	112	51	45	96	6
3025	29	AlienBlue	67	223	24	247	199
3025	29	funny	97	14	3	17	11
3025	29	funny	97	54	14	68	40
3025	29	WTF	85	82	32	114	50
3025	29	atheism	86	15	6	21	9
3025	29	WTF	85	44	13	57	31
3025	29	funny	97	650	275	925	375
3025	29	funny	97	17	5	22	12
3025	29	gaming	98	6180	4868	11048	1312
3025	29	gaming	98	2644	1704	4348	940
3025	29	gaming	98	55	30	85	25
3025	29	funny	97	14639	12880	27519	1759
3025	29	funny	97	58	17	75	41
3025	29	gifs	100	28	7	35	21
3025	29	gifs	100	42	17	59	25
3025	29	WTF	85	4382	3709	8091	673
3025	29	GifSound	74	41	6	47	35
3025	29	funny	97	12	1	13	11
3025	29	funny	97	1	3	4	-2
3025	29	pics	112	2	1	3	1
3025	29	ipad	103	169	21	190	148
3025	29	funny	97	2	2	4	0
3025	29	gaming	98	8	13	21	-5
3025	29	funny	97	4	5	9	-1
3025	29	funny	97	12	4	16	8
3025	29	gifs	100	168	83	251	85
3025	29	funny	97	4	2	6	2
3025	29	funny	97	2	6	8	-4
3025	29	funny	97	6	3	9	3
3025	29	funny	97	6	7	13	-1
3025	29	funny	97	6	7	13	-1
3025	29	gifs	100	663	253	916	410
335	5	funny	97	5	3	8	2
335	5	sandy	118	5017	2993	8010	2024
335	5	pics	112	4	9	13	-5
335	5	pics	112	4	9	13	-5
335	5	pics	112	7	5	12	2
335	5	pics	112	8	7	15	1
335	5	pics	112	2	6	8	-4
335	5	pics	112	8	5	13	3
335	5	pics	112	5	7	12	-2
335	5	funny	97	16	12	28	4
335	5	funny	97	6	8	14	-2
335	5	pics	112	4	10	14	-6
335	5	pics	112	3	10	13	-7
335	5	pics	112	1	8	9	-7
335	5	pics	112	4	13	17	-9
335	5	pics	112	5	12	17	-7
335	5	pics	112	5	11	16	-6
335	5	pics	112	9	13	22	-4
335	5	pics	112	5	13	18	-8
335	5	pics	112	1	11	12	-10
335	5	pics	112	5	9	14	-4
335	5	pics	112	3	6	9	-3
335	5	pics	112	7	14	21	-7
335	5	pics	112	6	20	26	-14
335	5	pics	112	2	15	17	-13
335	5	pics	112	3	14	17	-11
335	5	pics	112	6	10	16	-4
335	5	funny	97	4	6	10	-2
335	5	funny	97	5	4	9	1
335	5	pics	112	2	12	14	-10
335	5	pics	112	6	13	19	-7
335	5	funny	97	4	7	11	-3
335	5	pics	112	10	8	18	2
335	5	pics	112	5	7	12	-2
335	5	funny	97	3	2	5	1
335	5	pics	112	3	7	10	-4
335	5	funny	97	11	17	28	-6
335	5	funny	97	4	8	12	-4
335	5	funny	97	9	9	18	0
335	5	funny	97	3	9	12	-6
335	5	funny	97	7	12	19	-5
335	5	pics	112	4	3	7	1
335	5	pics	112	3	5	8	-2
335	5	funny	97	5	7	12	-2
335	5	funny	97	12	18	30	-6
335	5	funny	97	5	9	14	-4
335	5	funny	97	2	2	4	0
335	5	pics	112	3	9	12	-6
335	5	funny	97	11	11	22	0
335	5	pics	112	5	11	16	-6
335	5	pics	112	4	11	15	-7
335	5	funny	97	5	13	18	-8
335	5	pics	112	12	9	21	3
335	5	funny	97	2	4	6	-2
335	5	pics	112	3	10	13	-7
335	5	WTF	85	1	9	10	-8
335	5	pics	112	2	9	11	-7
335	5	pics	112	5	10	15	-5
4171	30	funny	97	1345	805	2150	540
4171	30	reddit.com	116	35	25	60	10
4171	30	gifs	100	3380	2357	5737	1023
4171	30	funny	97	2955	2450	5405	505
4171	30	GifSound	74	21	4	25	17
4171	30	funny	97	14	0	14	14
4171	30	funny	97	65	24	89	41
4171	30	GifSound	74	14	5	19	9
4171	30	gifs	100	43	18	61	25
4171	30	gifs	100	387	187	574	200
4171	30	atheism	86	996	379	1375	617
4171	30	funny	97	25	8	33	17
4171	30	GifSound	74	23	4	27	19
4171	30	funny	97	9	7	16	2
4171	30	gifs	100	175	56	231	119
4171	30	gifs	100	92	36	128	56
4171	30	funny	97	13	9	22	4
4171	30	funny	97	5031	4258	9289	773
4171	30	trees	125	516	84	600	432
4171	30	atheism	86	2	3	5	-1
4171	30	GifSound	74	15	5	20	10
4171	30	GifSound	74	13	2	15	11
4171	30	GifSound	74	14	6	20	8
4171	30	funny	97	13	10	23	3
4171	30	GifSound	74	47	4	51	43
4171	30	GifSound	74	5	7	12	-2
4171	30	gifs	100	4	6	10	-2
4171	30	gifs	100	8	16	24	-8
4171	30	gifs	100	49	32	81	17
4171	30	funny	97	8	11	19	-3
4171	30	gifs	100	96	42	138	54
4171	30	GifSound	74	11	2	13	9
4171	30	gifs	100	5	10	15	-5
4171	30	funny	97	6	10	16	-4
4171	30	GifSound	74	23	3	26	20
4171	30	gifs	100	16	8	24	8
4171	30	funny	97	4	2	6	2
4171	30	funny	97	20	11	31	9
4171	30	gifs	100	1	4	5	-3
4171	30	GifSound	74	7	2	9	5
4171	30	GifSound	74	1	1	2	0
4171	30	GifSound	74	1	1	2	0
4171	30	funny	97	4	2	6	2
4171	30	gifs	100	54	31	85	23
419	6	funny	97	68	38	106	30
419	6	reddit.com	116	3398	2284	5682	1114
419	6	pics	112	31	13	44	18
419	6	reddit.com	116	3	3	6	0
419	6	funny	97	154	91	245	63
419	6	funny	97	582	339	921	243
419	6	gifs	100	768	400	1168	368
419	6	funny	97	22	9	31	13
419	6	gifs	100	121	65	186	56
419	6	gif	99	4	4	8	0
419	6	gifs	100	176	53	229	123
419	6	gifs	100	46	28	74	18
419	6	funny	97	198	60	258	138
419	6	gifs	100	51	31	82	20
419	6	funny	97	1220	650	1870	570
419	6	funny	97	12	10	22	2
419	6	gifs	100	96	25	121	71
419	6	funny	97	6545	5737	12282	808
419	6	funny	97	29	15	44	14
419	6	gifs	100	33	17	50	16
419	6	gifs	100	48	24	72	24
419	6	funny	97	17	10	27	7
419	6	gifs	100	263	139	402	124
419	6	funny	97	12	10	22	2
419	6	gif	99	136	52	188	84
419	6	gifs	100	5	14	19	-9
419	6	funny	97	5	3	8	2
419	6	funny	97	29	8	37	21
419	6	gifs	100	76	30	106	46
419	6	funny	97	7	7	14	0
419	6	atheism	86	4	7	11	-3
419	6	funny	97	1049	551	1600	498
419	6	funny	97	42	17	59	25
419	6	funny	97	6	8	14	-2
419	6	funny	97	1104	817	1921	287
419	6	funny	97	40	20	60	20
419	6	gaming	98	3	5	8	-2
419	6	WTF	85	33	23	56	10
419	6	funny	97	5	4	9	1
419	6	gifs	100	53	45	98	8
419	6	funny	97	62	37	99	25
419	6	GifSound	74	59	13	72	46
419	6	GifSound	74	2	0	2	2
419	6	funny	97	21	11	32	10
419	6	GifSound	74	41	20	61	21
419	6	gifs	100	169	57	226	112
419	6	funny	97	173	38	211	135
419	6	gifs	100	13	14	27	-1
419	6	funny	97	5	3	8	2
419	6	funny	97	14	12	26	2
419	6	funny	97	5	9	14	-4
419	6	gifs	100	147	50	197	97
419	6	funny	97	31	11	42	20
419	6	GifSound	74	1	0	1	1
419	6	gifs	100	25	22	47	3
419	6	funny	97	76	20	96	56
419	6	funny	97	10	7	17	3
4299	31	atheism	86	3645	2669	6314	976
4299	31	gifs	100	770	333	1103	437
4299	31	funny	97	29	13	42	16
4299	31	funny	97	1072	412	1484	660
4299	31	funny	97	5150	4101	9251	1049
4299	31	atheism	86	4255	3329	7584	926
4299	31	fffffffuuuuuuuuuuuu	94	8	13	21	-5
4299	31	atheism	86	21	15	36	6
4299	31	funny	97	110	26	136	84
4299	31	funny	97	188	49	237	139
4299	31	gifs	100	709	270	979	439
4299	31	funny	97	25	30	55	-5
4299	31	funny	97	6	6	12	0
4299	31	funny	97	10888	9874	20762	1014
4299	31	gifs	100	92	33	125	59
4299	31	funny	97	5906	5558	11464	348
4299	31	atheism	86	10	16	26	-6
4299	31	funny	97	6	5	11	1
4299	31	atheism	86	18	12	30	6
4299	31	funny	97	11	6	17	5
4299	31	funny	97	8	4	12	4
4299	31	atheism	86	15	8	23	7
4299	31	funny	97	5692	4867	10559	825
4299	31	funny	97	5	9	14	-4
4299	31	funny	97	7	8	15	-1
4299	31	gifs	100	2	3	5	-1
4299	31	funny	97	1	3	4	-2
4299	31	funny	97	13	11	24	2
4299	31	atheism	86	5	7	12	-2
4299	31	gifs	100	222	91	313	131
4299	31	atheism	86	486	178	664	308
4299	31	funny	97	8	11	19	-3
4299	31	Seattle	82	356	119	475	237
4299	31	pics	112	59	50	109	9
4299	31	Parenting	81	528	206	734	322
4299	31	gifs	100	179	60	239	119
4299	31	HIFW	75	95	13	108	82
4299	31	trees	125	2778	1513	4291	1265
4299	31	funny	97	43	24	67	19
4299	31	atheism	86	6	5	11	1
4299	31	funny	97	1	4	5	-3
4299	31	gifs	100	41	21	62	20
4299	31	funny	97	3	6	9	-3
4299	31	atheism	86	119	20	139	99
4299	31	HIFW	75	462	106	568	356
4299	31	funny	97	17	9	26	8
4299	31	gifs	100	2329	1247	3576	1082
4299	31	pics	112	7	7	14	0
4299	31	gifs	100	95	30	125	65
4299	31	funny	97	5	5	10	0
4299	31	funny	97	3	0	3	3
4299	31	gifs	100	31	22	53	9
4299	31	funny	97	17	12	29	5
4299	31	funny	97	3	3	6	0
4299	31	funny	97	3	1	4	2
4299	31	gifs	100	4	9	13	-5
4299	31	funny	97	1	8	9	-7
4299	31	reactiongifs	115	2979	1639	4618	1340
4299	31	funny	97	22	6	28	16
4299	31	funny	97	2303	1371	3674	932
4299	31	reactiongifs	115	211	33	244	178
4299	31	funny	97	10	13	23	-3
4299	31	HIFW	75	383	74	457	309
4299	31	funny	97	34	17	51	17
4299	31	funny	97	3662	2309	5971	1353
4299	31	funny	97	4379	3091	7470	1288
4299	31	funny	97	7	5	12	2
4299	31	funny	97	6	4	10	2
4299	31	funny	97	8	9	17	-1
4299	31	funny	97	2	8	10	-6
4299	31	gif	99	32	24	56	8
4299	31	funny	97	196	57	253	139
4299	31	gifs	100	23	20	43	3
4299	31	funny	97	10	12	22	-2
4299	31	funny	97	3	4	7	-1
4299	31	funny	97	1054	468	1522	586
4299	31	funny	97	1603	726	2329	877
4299	31	funny	97	9	14	23	-5
4299	31	funny	97	1	1	2	0
4299	31	funny	97	24	5	29	19
4299	31	funny	97	39	13	52	26
4299	31	funny	97	14	9	23	5
4299	31	funny	97	6	4	10	2
4299	31	funny	97	9	6	15	3
4299	31	funny	97	8	1	9	7
4299	31	funny	97	6	8	14	-2
4420	32	reddit.com	116	15	17	32	-2
4420	32	funny	97	192	108	300	84
4420	32	gifs	100	82	57	139	25
4420	32	gaming	98	110	32	142	78
4420	32	funny	97	20	6	26	14
4420	32	gifs	100	73	32	105	41
4420	32	funny	97	1	2	3	-1
4420	32	funny	97	61	10	71	51
4420	32	funny	97	499	181	680	318
4420	32	movies	106	71	33	104	38
4420	32	gif	99	259	68	327	191
4420	32	atheism	86	3985	2816	6801	1169
4420	32	funny	97	25	6	31	19
4420	32	gifs	100	99	38	137	61
4420	32	gif	99	6	2	8	4
4420	32	funny	97	20	1	21	19
4420	32	funny	97	15	1	16	14
4420	32	gifs	100	147	67	214	80
4420	32	gaming	98	22	20	42	2
4420	32	funny	97	1778	978	2756	800
4420	32	funny	97	13	19	32	-6
4420	32	funny	97	2	2	4	0
4420	32	funny	97	25	5	30	20
4420	32	gifs	100	80	22	102	58
4420	32	funny	97	5	5	10	0
4420	32	funny	97	8	8	16	0
4420	32	funny	97	3	7	10	-4
4420	32	pics	112	4	11	15	-7
4420	32	atheism	86	7	5	12	2
4420	32	funny	97	16	9	25	7
4420	32	gifs	100	13	12	25	1
4420	32	funny	97	4	8	12	-4
4420	32	pics	112	7	8	15	-1
4420	32	funny	97	51	19	70	32
4420	32	gifs	100	9	16	25	-7
4420	32	funny	97	7	9	16	-2
4420	32	GifSound	74	7	7	14	0
4420	32	funny	97	12	4	16	8
4420	32	gifs	100	80	33	113	47
4420	32	gifs	100	1	6	7	-5
4420	32	gifs	100	97	39	136	58
4420	32	gifs	100	2	3	5	-1
4420	32	funny	97	4	5	9	-1
4420	32	gifs	100	2	6	8	-4
4420	32	funny	97	3	8	11	-5
4420	32	funny	97	13	4	17	9
4420	32	gifs	100	159	39	198	120
4420	32	gaming	98	3	5	8	-2
4420	32	reactiongifs	115	14	12	26	2
4420	32	funny	97	10	10	20	0
4420	32	gifs	100	17	6	23	11
4420	32	gifs	100	7	10	17	-3
4420	32	funny	97	7	4	11	3
4420	32	funny	97	14	6	20	8
4420	32	gaming	98	5	5	10	0
4420	32	funny	97	87	14	101	73
4420	32	funny	97	9	7	16	2
4420	32	funny	97	5	4	9	1
4420	32	gifs	100	1590	607	2197	983
4420	32	funny	97	4	2	6	2
4420	32	gifs	100	1	1	2	0
4420	32	funny	97	37	12	49	25
4420	32	gifs	100	80	48	128	32
4420	32	funny	97	4	3	7	1
4420	32	funny	97	8	8	16	0
4420	32	funny	97	11	1	12	10
4420	32	funny	97	2	4	6	-2
4420	32	funny	97	7902	6314	14216	1588
4420	32	funny	97	10	12	22	-2
4420	32	funny	97	9	2	11	7
4420	32	funny	97	5	10	15	-5
4420	32	gifs	100	2	3	5	-1
4420	32	funny	97	7	11	18	-4
4420	32	funny	97	9	5	14	4
4420	32	funny	97	26	8	34	18
4780	33	pics	112	4884	3764	8648	1120
4780	33	reddit.com	116	7	7	14	0
4780	33	pics	112	35	17	52	18
4780	33	gifs	100	2332	1787	4119	545
4780	33	funny	97	86	23	109	63
4780	33	funny	97	7843	6897	14740	946
4780	33	funny	97	8	8	16	0
4780	33	funny	97	330	121	451	209
4780	33	gifs	100	10	10	20	0
4780	33	funny	97	5058	4057	9115	1001
4780	33	funny	97	44	39	83	5
4780	33	gifs	100	69	34	103	35
4780	33	funny	97	1159	569	1728	590
4780	33	funny	97	15	6	21	9
4780	33	funny	97	79	11	90	68
4780	33	trees	125	3511	2378	5889	1133
4780	33	gifs	100	206	66	272	140
4780	33	funny	97	8	4	12	4
4780	33	gifs	100	1101	626	1727	475
4780	33	gifs	100	40	29	69	11
4780	33	gifs	100	2	7	9	-5
4780	33	funny	97	4	6	10	-2
4780	33	gifs	100	2	4	6	-2
4780	33	funny	97	56	14	70	42
4780	33	gifs	100	290	105	395	185
4780	33	gifs	100	55	24	79	31
4780	33	gifs	100	108	20	128	88
4780	33	funny	97	19	8	27	11
4780	33	funny	97	23	8	31	15
4780	33	trees	125	494	90	584	404
4780	33	gifs	100	36	28	64	8
4780	33	funny	97	13	10	23	3
4780	33	gifs	100	2	3	5	-1
4780	33	gifs	100	6	9	15	-3
4780	33	pics	112	18	7	25	11
4780	33	GifSound	74	33	6	39	27
4780	33	funny	97	8	10	18	-2
4780	33	funny	97	1312	692	2004	620
4780	33	funny	97	1	3	4	-2
4780	33	funny	97	5	6	11	-1
4780	33	gifs	100	5	9	14	-4
4780	33	hcfactions	101	15	4	19	11
4780	33	funny	97	36	24	60	12
4780	33	funny	97	20	12	32	8
4780	33	gifs	100	1	2	3	-1
4780	33	gaming	98	13	18	31	-5
4780	33	funny	97	4	2	6	2
4780	33	funny	97	4	9	13	-5
4780	33	funny	97	2	3	5	-1
4780	33	funny	97	3	4	7	-1
4780	33	gifs	100	5	7	12	-2
4780	33	funny	97	131	37	168	94
4780	33	orioles	111	152	25	177	127
4780	33	funny	97	4	4	8	0
4780	33	funny	97	11	5	16	6
4780	33	LongDistance	78	132	5	137	127
4780	33	reactiongifs	115	350	42	392	308
4780	33	funny	97	5	6	11	-1
4780	33	gifs	100	39	26	65	13
4780	33	see	119	374	44	418	330
4780	33	funny	97	729	216	945	513
4780	33	funny	97	24	6	30	18
4780	33	reactiongifs	115	688	83	771	605
4780	33	funny	97	4	6	10	-2
4780	33	gifs	100	106	39	145	67
4780	33	gifs	100	23	16	39	7
4780	33	funny	97	7	0	7	7
4780	33	gif	99	30	6	36	24
4780	33	FreeKarma	72	260	49	309	211
4780	33	funny	97	19	11	30	8
4780	33	funny	97	85	34	119	51
4780	33	gifs	100	10	15	25	-5
482	7	pics	112	31788	29506	61294	2282
482	7	gifs	100	15	19	34	-4
482	7	gifs	100	4	9	13	-5
482	7	gif	99	3	11	14	-8
482	7	gifs	100	8	14	22	-6
482	7	gifs	100	5	11	16	-6
482	7	gifs	100	3	11	14	-8
482	7	gifs	100	3	10	13	-7
482	7	gifs	100	1	8	9	-7
482	7	pics	112	7	7	14	0
482	7	gifs	100	3	9	12	-6
482	7	GifSound	74	7	8	15	-1
482	7	funny	97	6	4	10	2
482	7	gifs	100	3	8	11	-5
482	7	pics	112	2	6	8	-4
482	7	GifSound	74	1	5	6	-4
482	7	funny	97	3	7	10	-4
482	7	funny	97	7	2	9	5
482	7	funny	97	8	8	16	0
482	7	GifSound	74	4	9	13	-5
482	7	gifs	100	12	14	26	-2
482	7	GifSound	74	22	12	34	10
482	7	GifSound	74	2	8	10	-6
482	7	GifSound	74	5	7	12	-2
482	7	GifSound	74	85	24	109	61
482	7	GifSound	74	3	4	7	-1
482	7	funny	97	5	15	20	-10
482	7	gifs	100	4	14	18	-10
482	7	GifSound	74	3	2	5	1
482	7	GifSound	74	1	3	4	-2
482	7	GifSound	74	1	0	1	1
482	7	pics	112	1	11	12	-10
482	7	GifSound	74	3	0	3	3
482	7	GifSound	74	1	1	2	0
482	7	GifSound	74	2	4	6	-2
482	7	GifSound	74	8	11	19	-3
482	7	GifSound	74	1	5	6	-4
482	7	GifSound	74	4	8	12	-4
482	7	GifSound	74	9	6	15	3
482	7	GifSound	74	3	7	10	-4
482	7	GifSound	74	6	9	15	-3
482	7	funny	97	4	6	10	-2
482	7	GifSound	74	2	7	9	-5
482	7	funny	97	3	3	6	0
4845	34	pics	112	39	16	55	23
4845	34	pics	112	17	8	25	9
4845	34	funny	97	45	15	60	30
4845	34	gifs	100	396	189	585	207
4845	34	gifs	100	2440	1448	3888	992
4845	34	GifSound	74	6	4	10	2
4845	34	GifSound	74	2	2	4	0
4845	34	mylittlepony	109	28	8	36	20
4845	34	funny	97	6576	5823	12399	753
4845	34	GifSound	74	1	1	2	0
4845	34	gifs	100	312	128	440	184
4845	34	funny	97	4641	3956	8597	685
4845	34	gifs	100	224	84	308	140
4845	34	funny	97	36	13	49	23
4845	34	funny	97	1638	880	2518	758
4845	34	funny	97	154	54	208	100
4845	34	funny	97	3479	2902	6381	577
4845	34	gifs	100	34	15	49	19
4845	34	funny	97	11	6	17	5
4845	34	gifs	100	153	61	214	92
4845	34	funny	97	174	53	227	121
4845	34	gifs	100	26	16	42	10
4845	34	funny	97	4	11	15	-7
4845	34	funny	97	2003	1436	3439	567
4845	34	gifs	100	3	7	10	-4
4845	34	funny	97	13	8	21	5
4845	34	funny	97	9109	8288	17397	821
4845	34	GifSound	74	30	4	34	26
4845	34	funny	97	10	8	18	2
4845	34	funny	97	84	57	141	27
4845	34	funny	97	6	3	9	3
4845	34	gifs	100	5	5	10	0
4845	34	funny	97	3	3	6	0
4845	34	atheism	86	9	5	14	4
4845	34	funny	97	2267	1394	3661	873
4845	34	funny	97	2	0	2	2
4845	34	funny	97	6	4	10	2
4845	34	funny	97	412	229	641	183
4845	34	funny	97	2	5	7	-3
4845	34	funny	97	19	13	32	6
4845	34	funny	97	16	8	24	8
4845	34	funny	97	41	28	69	13
4845	34	ForeverAlone	70	392	52	444	340
4845	34	funny	97	15	6	21	9
4845	34	motorcycles	105	8	9	17	-1
4845	34	funny	97	10	12	22	-2
4845	34	funny	97	8	8	16	0
4845	34	gifs	100	104	53	157	51
4845	34	funny	97	37	23	60	14
4845	34	GifSound	74	1	1	2	0
4845	34	funny	97	2509	1886	4395	623
4845	34	funny	97	6	11	17	-5
4845	34	funny	97	4	3	7	1
4845	34	GifSound	74	1	7	8	-6
4845	34	gifs	100	18	19	37	-1
4845	34	funny	97	8	11	19	-3
4845	34	funny	97	12	7	19	5
4845	34	GifSound	74	42	18	60	24
4845	34	GifSound	74	9	3	12	6
4845	34	gifs	100	95	42	137	53
4845	34	funny	97	184	58	242	126
4845	34	reactiongifs	115	231	60	291	171
4845	34	reactiongifs	115	52	17	69	35
4845	34	reactiongifs	115	376	46	422	330
4845	34	gifs	100	84	50	134	34
4845	34	funny	97	28	20	48	8
4845	34	gifs	100	137	88	225	49
4845	34	funny	97	20	16	36	4
4845	34	funny	97	11	4	15	7
4845	34	gaming	98	4	4	8	0
4845	34	funny	97	9	6	15	3
4845	34	gifs	100	7	14	21	-7
4845	34	funny	97	9	1	10	8
4845	34	funny	97	9	12	21	-3
4845	34	funny	97	8	7	15	1
4845	34	funny	97	67	31	98	36
4845	34	gifs	100	25	23	48	2
4845	34	gifs	100	32	18	50	14
4845	34	funny	97	3	10	13	-7
4845	34	funny	97	2	8	10	-6
4845	34	funny	97	8	13	21	-5
4845	34	funny	97	3216	1981	5197	1235
4845	34	reactiongifs	115	1437	435	1872	1002
4845	34	funny	97	3	2	5	1
4845	34	funny	97	12	7	19	5
4845	34	funny	97	18	9	27	9
4929	35	gifs	100	385	90	475	295
4929	35	funny	97	328	174	502	154
4929	35	funny	97	4046	3173	7219	873
4929	35	funny	97	218	123	341	95
4929	35	pics	112	1043	754	1797	289
4929	35	gifs	100	296	157	453	139
4929	35	pics	112	40	19	59	21
4929	35	pics	112	2282	1861	4143	421
4929	35	funny	97	267	155	422	112
4929	35	funny	97	5599	4913	10512	686
4929	35	funny	97	35	16	51	19
4929	35	reddit.com	116	299	141	440	158
4929	35	gifs	100	2	7	9	-5
4929	35	gif	99	263	49	312	214
4929	35	funny	97	48	19	67	29
4929	35	funny	97	26	11	37	15
4929	35	funny	97	13	4	17	9
4929	35	funny	97	2929	2416	5345	513
4929	35	gifs	100	681	359	1040	322
4929	35	funny	97	314	152	466	162
4929	35	funny	97	56	31	87	25
4929	35	funny	97	36	22	58	14
4929	35	funny	97	3144	2298	5442	846
4929	35	freebies	96	1625	859	2484	766
4929	35	funny	97	6	3	9	3
4929	35	funny	97	21	13	34	8
4929	35	funny	97	29	12	41	17
4929	35	gaming	98	55	13	68	42
4929	35	funny	97	658	373	1031	285
4929	35	gifs	100	1955	1033	2988	922
4929	35	GifSound	74	37	10	47	27
4929	35	funny	97	22	11	33	11
4929	35	funny	97	3159	2365	5524	794
4929	35	gifs	100	178	67	245	111
4929	35	gifs	100	97	47	144	50
4929	35	funny	97	331	118	449	213
4929	35	reactiongifs	115	3055	1578	4633	1477
4929	35	funny	97	62	17	79	45
4929	35	gifs	100	110	47	157	63
4929	35	funny	97	8	5	13	3
4929	35	gifs	100	32	14	46	18
4929	35	fitnesscirclejerk	95	62	19	81	43
4929	35	funny	97	5	6	11	-1
4929	35	funny	97	10	7	17	3
4929	35	gifs	100	70	19	89	51
4929	35	funny	97	6721	5842	12563	879
4929	35	HIFW	75	223	57	280	166
4929	35	funny	97	10	13	23	-3
4929	35	funny	97	6	7	13	-1
4929	35	pics	112	1117	416	1533	701
4929	35	funny	97	11	9	20	2
4929	35	funny	97	8	5	13	3
4929	35	funny	97	4	1	5	3
4929	35	gifs	100	24	15	39	9
4929	35	funny	97	12	8	20	4
4929	35	funny	97	4	3	7	1
4929	35	funny	97	4	5	9	-1
546	8	funny	97	3375	3026	6401	349
546	8	funny	97	26	12	38	14
546	8	WTF	85	28	20	48	8
546	8	gifs	100	4483	2737	7220	1746
546	8	reactiongifs	115	111	34	145	77
546	8	funny	97	729	307	1036	422
546	8	funny	97	206	90	296	116
546	8	funny	97	783	372	1155	411
546	8	pics	112	19	10	29	9
546	8	gifs	100	112	45	157	67
546	8	funny	97	63	16	79	47
546	8	atheism	86	95	20	115	75
546	8	funny	97	1957	1108	3065	849
546	8	funny	97	7	5	12	2
546	8	funny	97	15	3	18	12
546	8	gifs	100	21	9	30	12
546	8	funny	97	15190	13608	28798	1582
546	8	funny	97	7	8	15	-1
546	8	funny	97	10085	8848	18933	1237
546	8	atheism	86	44	14	58	30
546	8	gifs	100	6	7	13	-1
546	8	atheism	86	232	54	286	178
546	8	gifs	100	2	2	4	0
546	8	funny	97	8186	7028	15214	1158
546	8	funny	97	149	35	184	114
546	8	reactiongifs	115	533	136	669	397
546	8	atheism	86	875	295	1170	580
546	8	funny	97	10	3	13	7
546	8	gifs	100	1	1	2	0
546	8	funny	97	13452	11951	25403	1501
546	8	funny	97	2	2	4	0
546	8	funny	97	12	2	14	10
546	8	funny	97	9	10	19	-1
546	8	funny	97	4	8	12	-4
546	8	childfree	92	308	57	365	251
546	8	gifs	100	303	153	456	150
546	8	trees	125	760	145	905	615
546	8	funny	97	2	1	3	1
546	8	gifs	100	6	8	14	-2
546	8	funny	97	6	8	14	-2
546	8	atheism	86	3	3	6	0
546	8	funny	97	182	66	248	116
546	8	funny	97	3	6	9	-3
546	8	funny	97	135	35	170	100
546	8	funny	97	21	24	45	-3
546	8	funny	97	2	5	7	-3
546	8	funny	97	7	5	12	2
546	8	funny	97	120	46	166	74
546	8	gifs	100	2	8	10	-6
546	8	gifs	100	357	115	472	242
546	8	funny	97	2127	1107	3234	1020
546	8	funny	97	20	24	44	-4
546	8	funny	97	17	4	21	13
546	8	gifs	100	12	10	22	2
546	8	gifs	100	97	33	130	64
546	8	gifs	100	29	31	60	-2
546	8	funny	97	10	12	22	-2
546	8	funny	97	5	5	10	0
546	8	funny	97	16	6	22	10
546	8	funny	97	44	20	64	24
546	8	funny	97	6	4	10	2
546	8	funny	97	1	8	9	-7
546	8	funny	97	4	7	11	-3
546	8	funny	97	22	1	23	21
546	8	funny	97	15	12	27	3
546	8	funny	97	1	5	6	-4
546	8	funny	97	5	4	9	1
546	8	gifs	100	68	25	93	43
546	8	gifs	100	25	8	33	17
546	8	funny	97	5	2	7	3
546	8	pics	112	12	7	19	5
546	8	funny	97	3	21	24	-18
546	8	gifs	100	28	14	42	14
555	9	funny	97	11521	10264	21785	1257
555	9	funny	97	10	25	35	-15
555	9	funny	97	64	18	82	46
555	9	atheism	86	15	14	29	1
555	9	funny	97	12031	11032	23063	999
555	9	funny	97	823	365	1188	458
555	9	funny	97	44	24	68	20
555	9	funny	97	44	37	81	7
555	9	funny	97	8	5	13	3
555	9	atheism	86	20	7	27	13
555	9	funny	97	72	21	93	51
555	9	funny	97	19	8	27	11
555	9	funny	97	385	186	571	199
555	9	subaru	122	324	54	378	270
555	9	funny	97	21	11	32	10
555	9	atheism	86	453	211	664	242
555	9	funny	97	3	1	4	2
555	9	funny	97	28	17	45	11
555	9	funny	97	5	8	13	-3
555	9	funny	97	5	9	14	-4
555	9	funny	97	4	8	12	-4
555	9	steelers	121	136	23	159	113
555	9	funny	97	9	11	20	-2
555	9	funny	97	21	13	34	8
555	9	funny	97	3	7	10	-4
555	9	steelers	121	120	17	137	103
555	9	pics	112	8	3	11	5
555	9	funny	97	24	18	42	6
555	9	funny	97	6	3	9	3
555	9	funny	97	2	5	7	-3
555	9	funny	97	5	9	14	-4
555	9	funny	97	8	6	14	2
555	9	funny	97	7	9	16	-2
555	9	funny	97	16	11	27	5
555	9	funny	97	21	15	36	6
555	9	funny	97	18	14	32	4
555	9	funny	97	8	8	16	0
555	9	funny	97	6	11	17	-5
555	9	funny	97	6	5	11	1
555	9	AdviceAnimals	66	35	8	43	27
555	9	funny	97	13	9	22	4
555	9	funny	97	9	7	16	2
555	9	funny	97	15	9	24	6
555	9	pics	112	4	9	13	-5
555	9	funny	97	12	10	22	2
555	9	funny	97	8	8	16	0
555	9	funny	97	8746	7386	16132	1360
555	9	funny	97	4	10	14	-6
555	9	funny	97	23	16	39	7
555	9	funny	97	1	3	4	-2
555	9	funny	97	13	8	21	5
555	9	funny	97	6	3	9	3
555	9	funny	97	11	12	23	-1
555	9	funny	97	7	6	13	1
555	9	funny	97	21	11	32	10
555	9	funny	97	2	4	6	-2
555	9	pics	112	37	22	59	15
555	9	pics	112	6	13	19	-7
585	10	pics	112	38	19	57	19
585	10	pics	112	24	19	43	5
585	10	funny	97	2823	2287	5110	536
585	10	space	120	6	13	19	-7
585	10	funny	97	43	19	62	24
585	10	pics	112	4	4	8	0
585	10	pics	112	8	12	20	-4
585	10	funny	97	13	7	20	6
585	10	pics	112	13	2	15	11
585	10	funny	97	7	9	16	-2
585	10	WTF	85	23	20	43	3
585	10	WTF	85	625	334	959	291
585	10	aww	87	3	2	5	1
585	10	pics	112	4	9	13	-5
585	10	funny	97	9	12	21	-3
585	10	pics	112	6	10	16	-4
585	10	pics	112	5	11	16	-6
585	10	wallpaper	127	35	13	48	22
585	10	funny	97	12	15	27	-3
585	10	funny	97	16	15	31	1
585	10	funny	97	146	44	190	102
585	10	funny	97	14	16	30	-2
585	10	pics	112	11	10	21	1
585	10	aww	87	3	2	5	1
585	10	funny	97	13	10	23	3
585	10	funny	97	29	16	45	13
585	10	wallpapers	128	67	27	94	40
585	10	funny	97	14	11	25	3
585	10	pics	112	6	6	12	0
585	10	funny	97	58	44	102	14
585	10	aww	87	2	1	3	1
585	10	pics	112	8	6	14	2
585	10	pics	112	7	3	10	4
585	10	funny	97	7	5	12	2
585	10	funny	97	10	13	23	-3
585	10	funny	97	6	7	13	-1
585	10	funny	97	1623	1331	2954	292
585	10	funny	97	20	14	34	6
585	10	funny	97	11	9	20	2
585	10	funny	97	17	8	25	9
585	10	funny	97	3	2	5	1
585	10	funny	97	4	7	11	-3
585	10	pics	112	6	2	8	4
585	10	pics	112	8	3	11	5
700	11	WTF	85	18	17	35	1
700	11	funny	97	4	2	6	2
700	11	funny	97	5	3	8	2
700	11	gifs	100	183	52	235	131
700	11	gifs	100	490	205	695	285
700	11	reactiongifs	115	407	71	478	336
700	11	GifSound	74	20	5	25	15
700	11	gifs	100	6	8	14	-2
700	11	funny	97	12	8	20	4
700	11	gifs	100	3	6	9	-3
700	11	gif	99	133	45	178	88
700	11	gifs	100	15	17	32	-2
700	11	GifSound	74	10	2	12	8
700	11	funny	97	5	4	9	1
700	11	GifSound	74	4	1	5	3
700	11	GifSound	74	145	12	157	133
700	11	gifs	100	492	122	614	370
700	11	funny	97	10	7	17	3
700	11	funny	97	5	0	5	5
700	11	GifSound	74	2	1	3	1
700	11	gifs	100	4	4	8	0
700	11	funny	97	15	13	28	2
700	11	reactiongifs	115	213	27	240	186
700	11	funny	97	2	6	8	-4
700	11	GifSound	74	1	1	2	0
700	11	GifSound	74	58	28	86	30
700	11	gifs	100	6	9	15	-3
700	11	GifSound	74	1	3	4	-2
700	11	trees	125	1903	779	2682	1124
700	11	GifSound	74	20	7	27	13
700	11	gifs	100	45	40	85	5
700	11	funny	97	10	10	20	0
700	11	GifSound	74	2	3	5	-1
700	11	gifs	100	12	14	26	-2
700	11	GifSound	74	32	15	47	17
700	11	GifSound	74	3	2	5	1
700	11	gifs	100	3	8	11	-5
700	11	gaming	98	9	10	19	-1
700	11	WTF	85	49	25	74	24
700	11	funny	97	2	1	3	1
700	11	funny	97	17	12	29	5
700	11	GifSound	74	30	14	44	16
700	11	funny	97	5	5	10	0
700	11	gifs	100	4	7	11	-3
700	11	GifSound	74	3	2	5	1
700	11	gifs	100	5543	4280	9823	1263
700	11	GifSound	74	2	2	4	0
700	11	GifSound	74	2	3	5	-1
700	11	GifSound	74	89	30	119	59
700	11	WTF	85	10	6	16	4
700	11	funny	97	23	7	30	16
700	11	gifs	100	23	23	46	0
700	11	GifSound	74	1	2	3	-1
700	11	GifSound	74	2	2	4	0
700	11	funny	97	10695	9579	20274	1116
700	11	funny	97	6	8	14	-2
700	11	funny	97	22	15	37	7
7093	36	reddit.com	116	25	6	31	19
7093	36	funny	97	38	29	67	9
7093	36	funny	97	2445	2061	4506	384
7093	36	funny	97	43	14	57	29
7093	36	funny	97	5	3	8	2
7093	36	funny	97	1	6	7	-5
7093	36	pics	112	1	4	5	-3
7093	36	funny	97	2	6	8	-4
7093	36	funny	97	6	4	10	2
7093	36	aww	87	5	4	9	1
7093	36	funny	97	4	11	15	-7
7093	36	funny	97	5	7	12	-2
7093	36	pics	112	1	6	7	-5
7093	36	funny	97	1	7	8	-6
7093	36	pics	112	4	6	10	-2
7093	36	pics	112	4	7	11	-3
7093	36	WTF	85	8	15	23	-7
7093	36	WTF	85	6	8	14	-2
7093	36	pics	112	5	12	17	-7
7093	36	pics	112	4	8	12	-4
7093	36	pics	112	12	7	19	5
7093	36	pics	112	3	4	7	-1
7093	36	pics	112	7	9	16	-2
7093	36	funny	97	5	5	10	0
7093	36	funny	97	2	7	9	-5
7093	36	pics	112	4	2	6	2
7093	36	funny	97	2	7	9	-5
7093	36	pics	112	4	6	10	-2
7093	36	pics	112	4	4	8	0
7093	36	funny	97	3	4	7	-1
7093	36	pics	112	1	3	4	-2
7093	36	funny	97	4	7	11	-3
7093	36	funny	97	4	7	11	-3
7093	36	funny	97	5	7	12	-2
7093	36	funny	97	4	6	10	-2
7093	36	funny	97	7	11	18	-4
7093	36	pics	112	4	8	12	-4
7093	36	pics	112	6	3	9	3
7093	36	funny	97	7	7	14	0
7093	36	funny	97	3	6	9	-3
7093	36	funny	97	7	8	15	-1
7093	36	funny	97	6	10	16	-4
7093	36	pics	112	4	5	9	-1
7093	36	funny	97	2	10	12	-8
7093	36	funny	97	1	7	8	-6
7093	36	pics	112	3	9	12	-6
7093	36	pics	112	5	5	10	0
7093	36	pics	112	5	9	14	-4
7093	36	funny	97	7	8	15	-1
7093	36	funny	97	12	10	22	2
7093	36	pics	112	3	5	8	-2
7093	36	funny	97	6	12	18	-6
7093	36	funny	97	5	3	8	2
7093	36	funny	97	2	2	4	0
7093	36	funny	97	8	8	16	0
7093	36	pics	112	3	2	5	1
7093	36	pics	112	2	3	5	-1
8829	37	funny	97	32	23	55	9
8829	37	funny	97	98	72	170	26
8829	37	pics	112	39	30	69	9
8829	37	gifs	100	967	630	1597	337
8829	37	funny	97	3630	3041	6671	589
8829	37	gifs	100	166	72	238	94
8829	37	funny	97	224	133	357	91
8829	37	funny	97	415	251	666	164
8829	37	funny	97	77	47	124	30
8829	37	gifs	100	43	16	59	27
8829	37	gifs	100	129	80	209	49
8829	37	funny	97	221	104	325	117
8829	37	gifs	100	102	54	156	48
8829	37	funny	97	3295	2867	6162	428
8829	37	funny	97	47	32	79	15
8829	37	gifs	100	204	92	296	112
8829	37	funny	97	5775	5005	10780	770
8829	37	pics	112	10	16	26	-6
8829	37	funny	97	95	30	125	65
8829	37	funny	97	99	48	147	51
8829	37	funny	97	7192	6127	13319	1065
8829	37	gifs	100	6	4	10	2
8829	37	fffffffuuuuuuuuuuuu	94	3	6	9	-3
8829	37	gifs	100	62	31	93	31
8829	37	gifs	100	140	57	197	83
8829	37	funny	97	1202	580	1782	622
8829	37	funny	97	25	20	45	5
8829	37	funny	97	27	12	39	15
8829	37	funny	97	13	10	23	3
8829	37	funny	97	58	53	111	5
8829	37	gifs	100	40	21	61	19
883	12	GifSound	74	2	2	4	0
883	12	gifs	100	2	8	10	-6
883	12	gifs	100	2189	811	3000	1378
883	12	GifSound	74	1	0	1	1
883	12	GifSound	74	3	5	8	-2
883	12	GifSound	74	31	8	39	23
883	12	GifSound	74	6	2	8	4
883	12	GifSound	74	2	3	5	-1
883	12	GifSound	74	28	12	40	16
883	12	GifSound	74	3	4	7	-1
883	12	GifSound	74	3	2	5	1
883	12	GifSound	74	3	2	5	1
883	12	GifSound	74	1	3	4	-2
883	12	GifSound	74	1	5	6	-4
883	12	reactiongifs	115	202	15	217	187
883	12	GifSound	74	2	3	5	-1
883	12	GifSound	74	36	34	70	2
883	12	GifSound	74	2	2	4	0
883	12	GifSound	74	1	2	3	-1
883	12	GifSound	74	12	9	21	3
883	12	GifSound	74	3	4	7	-1
883	12	gifs	100	1	1	2	0
883	12	funny	97	4	2	6	2
883	12	GifSound	74	1	2	3	-1
883	12	GifSound	74	8	6	14	2
883	12	GifSound	74	1	3	4	-2
883	12	GifSound	74	2	3	5	-1
883	12	GifSound	74	1	2	3	-1
883	12	funny	97	2	1	3	1
883	12	GifSound	74	3	1	4	2
883	12	GifSound	74	25	5	30	20
8908	38	funny	97	54	16	70	38
8908	38	gifs	100	29	14	43	15
8908	38	gifs	100	23	11	34	12
8908	38	funny	97	3	8	11	-5
8908	38	funny	97	2	6	8	-4
8908	38	funny	97	942	448	1390	494
8908	38	funny	97	3	4	7	-1
8908	38	funny	97	10	4	14	6
8908	38	funny	97	140	45	185	95
8908	38	funny	97	4	2	6	2
8908	38	gifs	100	72	25	97	47
8908	38	funny	97	32	16	48	16
8908	38	funny	97	110	36	146	74
8908	38	gaming	98	31	11	42	20
8908	38	gaming	98	34	10	44	24
8908	38	funny	97	53	14	67	39
8908	38	funny	97	2022	1134	3156	888
8908	38	funny	97	4	9	13	-5
8908	38	gaming	98	4	6	10	-2
8908	38	funny	97	26	14	40	12
8908	38	funny	97	5	2	7	3
8908	38	funny	97	24	4	28	20
8908	38	funny	97	7816	6390	14206	1426
8908	38	gifs	100	202	76	278	126
8908	38	funny	97	3079	2264	5343	815
8908	38	funny	97	10	15	25	-5
8908	38	funny	97	12	9	21	3
8908	38	funny	97	4	4	8	0
8908	38	funny	97	6	4	10	2
8908	38	funny	97	25	7	32	18
8908	38	funny	97	6	3	9	3
8908	38	funny	97	6	2	8	4
8908	38	funny	97	4	2	6	2
8908	38	funny	97	6	3	9	3
8908	38	funny	97	8	12	20	-4
8908	38	funny	97	4	7	11	-3
8908	38	funny	97	15	4	19	11
8908	38	funny	97	3	2	5	1
8908	38	gifs	100	22	13	35	9
8908	38	funny	97	52	15	67	37
8908	38	funny	97	9	14	23	-5
8908	38	funny	97	24	9	33	15
8908	38	reactiongifs	115	59	14	73	45
8908	38	gifs	100	3	8	11	-5
8908	38	funny	97	6	13	19	-7
8908	38	funny	97	8	4	12	4
8908	38	gaming	98	29	21	50	8
8908	38	funny	97	7	2	9	5
8908	38	funny	97	3	5	8	-2
8908	38	gifs	100	8	9	17	-1
8908	38	funny	97	7	7	14	0
8908	38	funny	97	5	2	7	3
8908	38	funny	97	4	3	7	1
8908	38	gifs	100	6	2	8	4
8908	38	funny	97	5	7	12	-2
8908	38	gifs	100	8	9	17	-1
8908	38	funny	97	6	3	9	3
8908	38	breakingbad	90	530	117	647	413
8908	38	funny	97	8	4	12	4
8908	38	funny	97	1	2	3	-1
8908	38	funny	97	9	5	14	4
8908	38	funny	97	5	5	10	0
8908	38	gifs	100	6	6	12	0
8908	38	funny	97	6	8	14	-2
8908	38	vancouver	126	49	37	86	12
8908	38	funny	97	8	7	15	1
8908	38	funny	97	8	3	11	5
8908	38	funny	97	6	1	7	5
8908	38	funny	97	9	8	17	1
8908	38	funny	97	4	10	14	-6
898	13	funny	97	16	7	23	9
898	13	funny	97	13	4	17	9
898	13	funny	97	3	7	10	-4
898	13	funny	97	11	11	22	0
898	13	funny	97	196	60	256	136
898	13	funny	97	7	4	11	3
898	13	funny	97	5	3	8	2
898	13	funny	97	5358	4409	9767	949
898	13	funny	97	48	4	52	44
898	13	funny	97	20	13	33	7
898	13	movies	106	51	37	88	14
898	13	funny	97	33	14	47	19
898	13	funny	97	4	12	16	-8
898	13	funny	97	33	20	53	13
898	13	funny	97	3	3	6	0
898	13	funny	97	7	1	8	6
898	13	funny	97	12	3	15	9
898	13	funny	97	6	8	14	-2
898	13	funny	97	7	6	13	1
898	13	funny	97	2	5	7	-3
898	13	funny	97	11	3	14	8
898	13	funny	97	4	9	13	-5
898	13	funny	97	11	12	23	-1
898	13	funny	97	5	9	14	-4
898	13	funny	97	8	12	20	-4
898	13	montreal	104	235	35	270	200
898	13	funny	97	13	9	22	4
898	13	funny	97	2	5	7	-3
898	13	funny	97	3	2	5	1
898	13	funny	97	23	13	36	10
898	13	funny	97	54	20	74	34
898	13	funny	97	33	13	46	20
898	13	funny	97	7	5	12	2
898	13	funny	97	9	5	14	4
898	13	funny	97	5	9	14	-4
898	13	funny	97	5	3	8	2
898	13	funny	97	9	17	26	-8
898	13	funny	97	12	8	20	4
898	13	funny	97	2	4	6	-2
898	13	funny	97	1	3	4	-2
898	13	breakingbad	90	3	9	12	-6
898	13	funny	97	12	6	18	6
898	13	funny	97	8	1	9	7
898	13	funny	97	2	3	5	-1
898	13	regularshow	117	697	100	797	597
898	13	gaming	98	2	8	10	-6
898	13	funny	97	2	2	4	0
898	13	pics	112	4	5	9	-1
898	13	funny	97	13	8	21	5
898	13	funny	97	0	8	8	-8
898	13	funny	97	5	2	7	3
898	13	AdviceAnimals	66	701	117	818	584
898	13	funny	97	41	12	53	29
898	13	gaming	98	3	9	12	-6
898	13	funny	97	4	4	8	0
898	13	funny	97	6	3	9	3
898	13	funny	97	2	4	6	-2
898	13	funny	97	3	10	13	-7
898	13	funny	97	8	4	12	4
898	13	gaming	98	1	10	11	-9
898	13	funny	97	3	3	6	0
898	13	funny	97	3	3	6	0
898	13	funny	97	2	1	3	1
898	13	pics	112	2	2	4	0
898	13	funny	97	181	57	238	124
898	13	funny	97	2	2	4	0
898	13	funny	97	48	21	69	27
898	13	funny	97	2	3	5	-1
898	13	funny	97	10	8	18	2
898	13	funny	97	3	6	9	-3
898	13	funny	97	4	8	12	-4
898	13	funny	97	3638	2109	5747	1529
9020	39	pics	112	43	10	53	33
9020	39	pics	112	122	61	183	61
9020	39	pics	112	71	38	109	33
9020	39	reddit.com	116	18	6	24	12
9020	39	pics	112	187	104	291	83
9020	39	pics	112	309	156	465	153
9020	39	funny	97	10261	9150	19411	1111
9020	39	funny	97	272	223	495	49
9020	39	pics	112	2180	1631	3811	549
9020	39	funny	97	135	67	202	68
9020	39	pics	112	5710	4877	10587	833
9020	39	pics	112	57	20	77	37
9020	39	funny	97	39	11	50	28
9020	39	funny	97	27	9	36	18
9020	39	funny	97	10622	9151	19773	1471
9020	39	funny	97	36	15	51	21
9020	39	Images	76	223	44	267	179
9020	39	gaming	98	7	10	17	-3
9020	39	funny	97	3	10	13	-7
9020	39	funny	97	6	2	8	4
9070	40	gifs	100	1745	1189	2934	556
9070	40	funny	97	384	207	591	177
9070	40	funny	97	369	169	538	200
9070	40	atheism	86	11	2	13	9
9070	40	funny	97	67	16	83	51
9070	40	reactiongifs	115	3451	1181	4632	2270
9070	40	funny	97	2544	1820	4364	724
9070	40	gifs	100	1011	408	1419	603
9070	40	funny	97	10	8	18	2
9070	40	reactiongifs	115	268	131	399	137
9070	40	reactiongifs	115	52	36	88	16
9070	40	gifs	100	355	120	475	235
9070	40	reactiongifs	115	13	12	25	1
9070	40	funny	97	24	13	37	11
9070	40	atheism	86	12	2	14	10
9070	40	funny	97	52	32	84	20
9070	40	funny	97	12	5	17	7
9070	40	gifs	100	159	48	207	111
9070	40	funny	97	43	13	56	30
9070	40	gifs	100	85	54	139	31
9070	40	gifs	100	15	21	36	-6
9070	40	funny	97	163	66	229	97
9070	40	atheism	86	44	16	60	28
9070	40	gaming	98	679	174	853	505
9070	40	gaming	98	109	44	153	65
9070	40	funny	97	5735	4849	10584	886
9070	40	funny	97	70	23	93	47
9070	40	funny	97	25	29	54	-4
9070	40	gifs	100	36	31	67	5
9070	40	gifs	100	31	12	43	19
9070	40	funny	97	2	1	3	1
9070	40	funny	97	10490	9148	19638	1342
9070	40	atheism	86	2	6	8	-4
9070	40	funny	97	23	14	37	9
9070	40	funny	97	20	14	34	6
9070	40	funny	97	6	7	13	-1
9070	40	funny	97	2	4	6	-2
9070	40	pics	112	7	10	17	-3
9070	40	gifs	100	40	27	67	13
9070	40	gifs	100	40	35	75	5
9070	40	Frat	71	137	15	152	122
9070	40	funny	97	5	5	10	0
9070	40	HIFW	75	337	54	391	283
9070	40	gifs	100	1	2	3	-1
9070	40	atheism	86	134	33	167	101
9070	40	gifs	100	9	9	18	0
9070	40	pics	112	7	5	12	2
9070	40	gif	99	2	2	4	0
9070	40	gifs	100	5	9	14	-4
9070	40	gifs	100	1300	477	1777	823
9070	40	funny	97	3	9	12	-6
9070	40	gifs	100	7	9	16	-2
9070	40	funny	97	16	21	37	-5
9070	40	gifs	100	12	15	27	-3
9070	40	gifs	100	7	9	16	-2
9070	40	funny	97	39	6	45	33
917	14	pics	112	7	16	23	-9
917	14	pics	112	14	8	22	6
917	14	pics	112	3	11	14	-8
917	14	funny	97	20	10	30	10
917	14	pics	112	9	15	24	-6
917	14	WTF	85	95	72	167	23
917	14	aww	87	4	4	8	0
917	14	aww	87	2	8	10	-6
917	14	aww	87	16	12	28	4
917	14	aww	87	44	37	81	7
917	14	aww	87	3	8	11	-5
917	14	funny	97	13	17	30	-4
917	14	aww	87	18	5	23	13
917	14	pics	112	11	13	24	-2
917	14	WTF	85	4	7	11	-3
917	14	aww	87	6	4	10	2
917	14	aww	87	7	5	12	2
917	14	aww	87	6	6	12	0
917	14	aww	87	5	7	12	-2
917	14	pics	112	7	9	16	-2
917	14	aww	87	9	9	18	0
917	14	aww	87	10	4	14	6
917	14	funny	97	10	12	22	-2
917	14	aww	87	6	4	10	2
917	14	pics	112	6	7	13	-1
917	14	aww	87	5	8	13	-3
917	14	funny	97	5	10	15	-5
917	14	aww	87	4	8	12	-4
917	14	funny	97	8	15	23	-7
917	14	aww	87	6	10	16	-4
917	14	pics	112	178	225	403	-47
9185	41	WTF	85	8278	6427	14705	1851
9185	41	funny	97	35	14	49	21
9185	41	WTF	85	126	70	196	56
9185	41	WTF	85	64	31	95	33
9185	41	WTF	85	56	35	91	21
9185	41	WTF	85	3381	2269	5650	1112
9185	41	WTF	85	25	12	37	13
9185	41	WTF	85	356	118	474	238
9185	41	WTF	85	10	3	13	7
9185	41	WTF	85	245	86	331	159
9185	41	funny	97	14	4	18	10
9185	41	WTF	85	8433	7220	15653	1213
9185	41	funny	97	6	13	19	-7
9185	41	WTF	85	13	13	26	0
9185	41	WTF	85	13	8	21	5
9185	41	WTF	85	27	11	38	16
9185	41	funny	97	6	2	8	4
9185	41	WTF	85	110	131	241	-21
9185	41	WTF	85	6	9	15	-3
9185	41	WTF	85	146	56	202	90
9240	42	reddit.com	116	32	13	45	19
9240	42	pics	112	2298	1575	3873	723
9240	42	pics	112	433	281	714	152
9240	42	pics	112	45	36	81	9
9240	42	pics	112	1263	853	2116	410
9240	42	pics	112	1890	1523	3413	367
9240	42	pics	112	31	21	52	10
9240	42	pics	112	25	15	40	10
9240	42	pics	112	15	3	18	12
9240	42	pics	112	62	35	97	27
9240	42	pics	112	5508	4408	9916	1100
9240	42	Music	79	6075	5285	11360	790
9240	42	pics	112	9	6	15	3
9240	42	pics	112	26	18	44	8
9240	42	Music	79	159	116	275	43
9240	42	pics	112	17	12	29	5
9240	42	pics	112	1	9	10	-8
9240	42	pics	112	602	257	859	345
9240	42	pics	112	5	1	6	4
9240	42	pics	112	269	97	366	172
9270	43	gifs	100	1287	810	2097	477
9270	43	gif	99	44	12	56	32
9270	43	funny	97	29	11	40	18
9270	43	funny	97	27	5	32	22
9270	43	funny	97	10	6	16	4
9270	43	funny	97	70	26	96	44
9270	43	funny	97	55	12	67	43
9270	43	funny	97	15	4	19	11
9270	43	atheism	86	17	10	27	7
9270	43	funny	97	1313	737	2050	576
9270	43	gifs	100	65	27	92	38
9270	43	gifs	100	507	118	625	389
9270	43	funny	97	2837	1878	4715	959
9270	43	gifs	100	59	17	76	42
9270	43	reactiongifs	115	939	258	1197	681
9270	43	funny	97	52	13	65	39
9270	43	funny	97	11	16	27	-5
9270	43	funny	97	5	7	12	-2
9270	43	funny	97	6	7	13	-1
9270	43	funny	97	674	290	964	384
9270	43	gifs	100	123	33	156	90
9270	43	funny	97	7	6	13	1
9270	43	funny	97	6	10	16	-4
9270	43	funny	97	3	3	6	0
9270	43	funny	97	6	8	14	-2
9270	43	funny	97	6	3	9	3
9270	43	funny	97	1	0	1	1
9270	43	funny	97	19	2	21	17
9270	43	funny	97	6	7	13	-1
9270	43	gifs	100	23	14	37	9
9270	43	funny	97	7	10	17	-3
9297	44	gifs	100	161	52	213	109
9297	44	gifs	100	83	30	113	53
9297	44	gifs	100	54	15	69	39
9297	44	pics	112	9	6	15	3
9297	44	funny	97	15	15	30	0
9297	44	funny	97	52	11	63	41
9297	44	gifs	100	23	24	47	-1
9297	44	GifSound	74	2	3	5	-1
9297	44	funny	97	9	9	18	0
9297	44	funny	97	12	9	21	3
9297	44	funny	97	13	7	20	6
9297	44	reactiongifs	115	49	11	60	38
9297	44	gifs	100	106	23	129	83
9297	44	funny	97	13	3	16	10
9297	44	gifs	100	8	8	16	0
9297	44	funny	97	15	5	20	10
9297	44	gifs	100	30	10	40	20
9297	44	gif	99	88	58	146	30
9297	44	funny	97	12	17	29	-5
9297	44	funny	97	2	3	5	-1
9513	45	WTF	85	5173	4244	9417	929
9513	45	WTF	85	533	471	1004	62
9513	45	WTF	85	75	52	127	23
9513	45	WTF	85	572	331	903	241
9513	45	WTF	85	227	109	336	118
9513	45	WTF	85	32	21	53	11
9513	45	WTF	85	223	128	351	95
9513	45	WTF	85	59	63	122	-4
9513	45	WTF	85	46	48	94	-2
9513	45	WTF	85	39	29	68	10
9513	45	WTF	85	21	15	36	6
9513	45	WTF	85	9	6	15	3
9513	45	WTF	85	26	21	47	5
9513	45	WTF	85	100	66	166	34
9513	45	WTF	85	31	25	56	6
9513	45	WTF	85	7655	6060	13715	1595
9513	45	WTF	85	4	13	17	-9
9513	45	WTF	85	4	4	8	0
9513	45	WTF	85	11	15	26	-4
9513	45	WTF	85	33	24	57	9
9530	46	gifs	100	3158	2384	5542	774
9530	46	funny	97	83	39	122	44
9530	46	funny	97	2871	2389	5260	482
9530	46	funny	97	34	15	49	19
9530	46	funny	97	1719	1331	3050	388
9530	46	pics	112	90	45	135	45
9530	46	funny	97	36	6	42	30
9530	46	funny	97	7563	6507	14070	1056
9530	46	funny	97	1128	622	1750	506
9530	46	gifs	100	87	48	135	39
9530	46	gifs	100	127	77	204	50
9530	46	funny	97	271	171	442	100
9530	46	funny	97	22	11	33	11
9530	46	funny	97	111	42	153	69
9530	46	funny	97	19	10	29	9
9530	46	gifs	100	154	74	228	80
9530	46	funny	97	58	16	74	42
9530	46	funny	97	5	8	13	-3
9530	46	gifs	100	77	31	108	46
9530	46	gifs	100	44	40	84	4
9530	46	gifs	100	8	12	20	-4
9530	46	funny	97	173	48	221	125
9530	46	gifs	100	4	8	12	-4
9530	46	gifs	100	11	14	25	-3
9530	46	gif	99	7	8	15	-1
9530	46	gifs	100	71	35	106	36
9530	46	funny	97	8	8	16	0
9530	46	gifs	100	5	6	11	-1
9530	46	HIFW	75	189	79	268	110
9530	46	HIFW	75	9	8	17	1
9530	46	funny	97	18	11	29	7
9530	46	funny	97	12	11	23	1
9530	46	pics	112	5	5	10	0
9530	46	LeagueOfMemes	77	45	22	67	23
9530	46	pics	112	8	9	17	-1
9530	46	funny	97	10	7	17	3
9530	46	gifs	100	99	32	131	67
9530	46	funny	97	295	90	385	205
9530	46	funny	97	72	22	94	50
9530	46	reactiongifs	115	2359	893	3252	1466
9530	46	gifs	100	97	59	156	38
9530	46	gifs	100	128	65	193	63
9530	46	gifs	100	1	1	2	0
9530	46	funny	97	19	13	32	6
9530	46	WTF	85	1	6	7	-5
956	15	funny	97	89	47	136	42
956	15	pics	112	5	10	15	-5
956	15	funny	97	11	18	29	-7
956	15	pics	112	67	60	127	7
956	15	pics	112	47	34	81	13
956	15	funny	97	13	18	31	-5
956	15	funny	97	48	38	86	10
956	15	funny	97	11	15	26	-4
956	15	funny	97	2	6	8	-4
956	15	funny	97	63	36	99	27
956	15	pics	112	59	54	113	5
956	15	funny	97	158	126	284	32
956	15	funny	97	17	20	37	-3
956	15	funny	97	17	11	28	6
956	15	funny	97	18	10	28	8
956	15	funny	97	14	8	22	6
956	15	funny	97	58	38	96	20
956	15	funny	97	6	10	16	-4
956	15	funny	97	68	43	111	25
956	15	funny	97	13	13	26	0
956	15	pics	112	21	10	31	11
956	15	funny	97	3456	3075	6531	381
956	15	pics	112	8	10	18	-2
956	15	funny	97	61	31	92	30
956	15	funny	97	38	20	58	18
956	15	funny	97	12	14	26	-2
956	15	funny	97	7	11	18	-4
956	15	funny	97	28	29	57	-1
956	15	funny	97	11	7	18	4
956	15	WTF	85	4	11	15	-7
956	15	pics	112	3	13	16	-10
959	16	WTF	85	5	3	8	2
959	16	funny	97	2	3	5	-1
959	16	pics	112	4	4	8	0
959	16	pics	112	6	3	9	3
959	16	WTF	85	7	4	11	3
959	16	funny	97	3	4	7	-1
959	16	pics	112	3	3	6	0
959	16	WTF	85	10	8	18	2
959	16	funny	97	13	16	29	-3
959	16	funny	97	9	4	13	5
959	16	WTF	85	297	84	381	213
959	16	funny	97	112	45	157	67
959	16	funny	97	2	1	3	1
959	16	funny	97	4	4	8	0
959	16	WTF	85	5	11	16	-6
959	16	WTF	85	7	14	21	-7
959	16	funny	97	4	6	10	-2
959	16	pics	112	1	4	5	-3
959	16	funny	97	3	1	4	2
959	16	WTF	85	2	7	9	-5
9595	47	pics	112	10	4	14	6
9595	47	gifs	100	3	5	8	-2
9595	47	funny	97	10	11	21	-1
9595	47	funny	97	12	9	21	3
9595	47	gifs	100	6	14	20	-8
9595	47	funny	97	9	14	23	-5
9595	47	GifSound	74	3	2	5	1
9595	47	funny	97	4	5	9	-1
9595	47	pics	112	7	12	19	-5
9595	47	funny	97	24	27	51	-3
9595	47	funny	97	6	11	17	-5
9595	47	pics	112	6	5	11	1
9595	47	funny	97	3	4	7	-1
9595	47	funny	97	3	8	11	-5
9595	47	gifs	100	4	11	15	-7
9595	47	funny	97	6	5	11	1
9595	47	funny	97	8	6	14	2
9595	47	funny	97	6	6	12	0
9595	47	pokemon	114	5204	3543	8747	1661
9595	47	funny	97	2	10	12	-8
9602	48	funny	97	2191	1643	3834	548
9602	48	gifs	100	205	94	299	111
9602	48	funny	97	4773	4345	9118	428
9602	48	gifs	100	59	29	88	30
9602	48	funny	97	1664	1063	2727	601
9602	48	funny	97	231	140	371	91
9602	48	WTF	85	166	122	288	44
9602	48	gifs	100	64	19	83	45
9602	48	funny	97	27	16	43	11
9602	48	funny	97	67	26	93	41
9602	48	WTF	85	2066	1566	3632	500
9602	48	gifs	100	99	38	137	61
9602	48	funny	97	6481	5650	12131	831
9602	48	funny	97	5	3	8	2
9602	48	WTF	85	62	40	102	22
9602	48	funny	97	6	8	14	-2
9602	48	WTF	85	41	25	66	16
9602	48	WTF	85	25	9	34	16
9602	48	funny	97	3	6	9	-3
9602	48	GifSound	74	3	1	4	2
9768	49	atheism	86	2	4	6	-2
9768	49	atheism	86	16	10	26	6
9768	49	pics	112	23	8	31	15
9768	49	funny	97	20	14	34	6
9768	49	pics	112	7	8	15	-1
9768	49	funny	97	9	8	17	1
9768	49	funny	97	8	4	12	4
9768	49	funny	97	2436	1550	3986	886
9768	49	atheism	86	3	5	8	-2
9768	49	funny	97	2	0	2	2
9768	49	atheism	86	35	21	56	14
9768	49	funny	97	6	2	8	4
9768	49	funny	97	2	4	6	-2
9768	49	funny	97	5	11	16	-6
9768	49	funny	97	9	13	22	-4
9768	49	funny	97	37	40	77	-3
9768	49	atheism	86	41	44	85	-3
9768	49	pics	112	3	3	6	0
9768	49	funny	97	7	4	11	3
9768	49	pics	112	9	6	15	3
9868	50	WTF	85	12719	10616	23335	2103
9868	50	pics	112	50	39	89	11
9868	50	pics	112	8	6	14	2
9868	50	pics	112	37	30	67	7
9868	50	WTF	85	17	8	25	9
9868	50	funny	97	7930	7094	15024	836
9868	50	WTF	85	30	12	42	18
9868	50	WTF	85	2	7	9	-5
9868	50	WTF	85	3980	3350	7330	630
9868	50	WTF	85	8	9	17	-1
9868	50	WTF	85	32	8	40	24
9868	50	WTF	85	34	25	59	9
9868	50	WTF	85	57	53	110	4
9868	50	WTF	85	3	5	8	-2
9868	50	WTF	85	39	26	65	13
9868	50	WTF	85	10	5	15	5
9868	50	funny	97	4	1	5	3
9868	50	WTF	85	432	124	556	308
9868	50	WTF	85	74	117	191	-43
9868	50	WTF	85	38	29	67	9
