	1 97 3
	1 112 2
	10 112 14
	10 120 1
	10 127 1
	10 128 1
	10 87 3
	10 97 22
	10 85 2
	11 99 1
	11 115 2
	11 98 1
	11 74 19
	11 125 1
	11 100 14
	11 97 16
	11 85 3
	12 115 1
	12 100 3
	12 74 25
	12 97 2
	13 98 3
	13 117 1
	13 97 62
	13 66 1
	13 112 2
	13 90 1
	13 106 1
	13 104 1
	14 85 2
	14 87 16
	14 97 5
	14 112 8
	15 85 1
	15 97 23
	15 112 7
	16 112 4
	16 97 9
	16 85 7
	17 98 1
	17 100 5
	17 74 18
	17 125 1
	17 97 7
	18 115 2
	18 99 3
	18 74 31
	18 112 2
	18 100 13
	18 97 29
	18 85 5
	19 115 4
	19 114 1
	19 70 1
	19 99 1
	19 98 2
	19 110 1
	19 112 2
	19 100 19
	19 85 1
	19 86 1
	19 97 39
	19 125 1
	2 99 1
	2 80 1
	2 115 3
	2 98 2
	2 112 2
	2 100 15
	2 86 2
	2 93 1
	2 97 31
	20 112 1
	20 97 2
	20 85 56
	21 99 1
	21 98 2
	21 74 1
	21 125 1
	21 112 4
	21 100 14
	21 97 21
	21 85 1
	22 115 1
	22 74 60
	22 89 2
	22 112 1
	22 100 3
	22 107 1
	22 97 7
	23 99 1
	23 98 2
	23 100 6
	23 97 8
	23 85 29
	24 85 13
	24 97 23
	24 112 10
	25 116 1
	25 87 4
	26 99 2
	26 115 7
	26 98 3
	26 125 2
	26 100 17
	26 87 1
	26 97 39
	27 85 1
	27 87 32
	27 97 16
	27 112 23
	28 116 1
	28 85 3
	28 84 1
	28 97 50
	28 112 4
	29 74 1
	29 112 4
	29 98 4
	29 116 3
	29 67 1
	29 103 1
	29 100 4
	29 86 1
	29 97 20
	29 85 6
	3 98 4
	3 73 1
	3 66 10
	3 112 8
	3 87 1
	3 97 51
	30 116 1
	30 97 14
	30 100 13
	30 86 2
	30 74 13
	30 125 1
	31 99 1
	31 115 2
	31 75 3
	31 125 1
	31 112 2
	31 82 1
	31 100 12
	31 81 1
	31 86 10
	31 94 1
	31 97 52
	32 115 1
	32 74 1
	32 86 2
	32 99 2
	32 98 4
	32 116 1
	32 112 2
	32 100 19
	32 106 1
	32 97 42
	33 99 1
	33 72 1
	33 115 2
	33 98 1
	33 74 1
	33 116 1
	33 125 2
	33 112 3
	33 111 1
	33 100 21
	33 101 1
	33 119 1
	33 97 35
	33 78 1
	34 109 1
	34 70 1
	34 115 4
	34 98 1
	34 74 8
	34 112 2
	34 100 17
	34 86 1
	34 97 50
	34 105 1
	35 115 1
	35 74 1
	35 99 1
	35 98 1
	35 75 1
	35 116 1
	35 112 4
	35 100 11
	35 95 1
	35 97 34
	35 96 1
	36 116 1
	36 85 2
	36 87 1
	36 97 31
	36 112 22
	37 100 10
	37 94 1
	37 97 18
	37 112 2
	38 115 1
	38 98 4
	38 126 1
	38 90 1
	38 100 10
	38 97 53
	39 98 1
	39 76 1
	39 116 1
	39 97 9
	39 112 8
	4 99 1
	4 74 11
	4 115 3
	4 98 5
	4 116 1
	4 125 1
	4 113 1
	4 112 8
	4 83 1
	4 100 23
	4 86 2
	4 97 26
	4 85 3
	40 99 1
	40 115 4
	40 98 2
	40 75 1
	40 71 1
	40 112 2
	40 100 17
	40 86 5
	40 97 23
	41 97 4
	41 85 16
	42 116 1
	42 79 2
	42 112 17
	43 99 1
	43 115 1
	43 100 6
	43 86 1
	43 97 22
	44 99 1
	44 115 1
	44 74 1
	44 112 1
	44 100 7
	44 97 9
	45 85 20
	46 77 1
	46 115 1
	46 99 1
	46 75 2
	46 112 3
	46 100 15
	46 97 21
	46 85 1
	47 114 1
	47 100 3
	47 74 1
	47 97 12
	47 112 3
	48 100 4
	48 74 1
	48 97 10
	48 85 5
	49 86 5
	49 97 11
	49 112 4
	5 85 1
	5 118 1
	5 97 19
	5 112 37
	50 112 3
	50 97 2
	50 85 15
	51 94 1
	51 97 30
	51 112 1
	52 77 1
	52 108 1
	52 115 3
	52 75 1
	52 74 1
	52 91 1
	52 100 11
	52 86 2
	52 97 11
	53 100 3
	53 74 10
	53 86 1
	53 97 14
	53 85 4
	54 116 1
	54 87 6
	54 97 18
	54 112 7
	55 68 1
	55 112 1
	55 97 23
	55 85 20
	56 98 4
	56 123 1
	56 124 1
	56 125 1
	56 66 17
	56 112 10
	56 102 1
	56 86 7
	56 97 45
	56 85 1
	57 112 7
	57 97 21
	57 85 18
	58 97 5
	59 100 3
	59 97 2
	6 74 4
	6 99 2
	6 98 1
	6 116 2
	6 112 1
	6 100 16
	6 86 1
	6 97 29
	6 85 1
	60 97 1
	60 112 4
	61 69 1
	61 112 4
	62 97 2
	62 112 3
	63 112 5
	64 100 4
	64 74 1
	65 88 1
	65 97 2
	65 112 2
	7 99 1
	7 100 11
	7 74 21
	7 97 7
	7 112 4
	8 115 2
	8 125 1
	8 112 2
	8 100 16
	8 92 1
	8 86 5
	8 97 45
	8 85 1
	9 121 2
	9 122 1
	9 66 1
	9 112 4
	9 86 3
	9 97 47
